reference,x,Autres,Agrosemens,Bejo,Autres,HM Clause,Clémence Martinez,De Bolster,DLF,Autres,Econseeds,Essem'Bio,FSM,Gautier,Genetic et Distribution,Girerd,Graines Voltz,GSN,Autres,Johnny's Seeds,Kings Seeds,Autres,Legutko,KWS,MoravoSeed,L'Aubépin,Pieterpikzonen,Pro-Veg Seeds,Pyren'Alliance,Rocalba,Sakata,Sativa Suisse,Sativa Italia,Van Waveren,Vilmorin,Autres
1-001,Ache des montagnes (Livèche ou Céleri perpétuel),,,,,,,,,,,,,,,,,,,,,,x,,,,x,,,,,,,,,
4-031,Achillée millefeuille,,,,,,,,,,x,,,,,,,,,,,,,,,,,,,,,,,,,
1-117,Agretti (ou Roscano),,,,,,,,,,,,,,,,,,,,,,,,,,,,,,,x,,,,
4-047,Alysse Corbeille d'argent,,,,,,,,,,x,,,,,,,,,,,,,,,,,,,,,,,,,
4-046,Amarante queue de renard,,,,,,,,,,x,,,,,,,,,,,,,,,,,,,,,,,,,
1-002,Aneth ,,,,,,,,,,,,,,,x,,x,,,,,x,,,,x,,,,,,x,,,
2-017,Aneth Bio,,,,,,,x,,,,,,,,,,,,,,,x,,,,x,,,,,x,,,,
1-298,Arroche blonde,,,,,,,,,,,,,,,,,,,,,,x,,,,x,,,,,,,,,
2-018,Arroche rouge Bio,,,,,,,x,,,,,,,,,,,,,,,,,,,,,,,,x,,,,
2-019,Arroche verte Bio,,,,,,,x,,,,,,,,,,,,,,,,,,,,,,,,x,,,,
1-029,Artichaut Imperial Star,,,,,,,,,x,,,,,,,,,,,,,,,,,,,,,,,,,,
1-031,Artichaut Vert de Laon,,,,,,,,,,,,,,,,,,,,,,x,,,,x,,,,,,,,,
1-030,Artichaut Vert Globe,,,,,,,,,,,,,,,,,,,,,,x,,,,x,,,,,,,,,
1-032,Artichaut Violet de Provence,,,,,,,,,,,,,,,,,,,,,,x,,,,x,,,,,,,,,
1-033,Aubergine Baluroi F1,,,,,,,,,,,,,,,,,X,,,,,,,,,x,,,,,,,,,
2-223,Aubergine Baluroi F1 Bio,,,,,,,,,,,,,x,,,,,,,,,,,,,,,,,,,,,,
1-034,Aubergine Black Beauty,,,,,,,,,,,,,,,,,x,,,,,x,,,,x,,,,,,x,,,
1-035,Aubergine Blanche Ronde à  oeuf,,,,,,,,,,,,,,,,,,,,,,x,,,,x,,,,,,,,,
1-036,Aubergine Bonica F1,,,,,,,,,,,,,,,,,x,,,,,,,,,,,,,,,,,,
1-037,Aubergine de Barbentane,,,,,,,,,,,,,,,,,,,,,,,,,,,,,,,,,,,
2-021,Aubergine de Barbentane Bio,,,,,,,,,,,x,,,,,,,,,,,,,,,,,,,,,,,,
2-022,Aubergine Dourga Bio,,x,,,,,,,,,x,,,,,,,,,,,,,,,,,,,,,,,,
1-038,Aubergine Gascona F1,,,,,,,,,,,,,x,,,,,,,,,,,,,,,,,,,,,,
1-459,Aubergine Genie F1,,,,,,,,,,,,,,,,x,,,,,,,,,,,,,,,,,,,
1-427,Aubergine Green Knight F1,,,,,,,,,,,,,,,,x,,,,,,,,,,,,,,,,,,,
1-341,Aubergine Laura,,,,,,,,,,,,,,,,,,,,,,,,x,,,,,,,,,,,
2-219,Aubergine Listada de Gandia Bio,,,,,,,,,,,,,,,,,,,,,,,,,,,,,,,x,,,,
2-249,Aubergine Longue Violette Bio,,,,,,,,,,,,,,,,,,,,,,x,,,,,,,,,x,,,,
2-023,Aubergine Louisiana Long Green Bio,,x,,,,,,,,,,,,,,,,,,,,,,,,,,,,,,,,,
2-024,Aubergine Monstrueuse de New York Bio,,,,,,,,,,,,x,,,,,,,,,,,,,,,,,,,,,,,
1-360,Aubergine Ophelia F1,,,,,,,,,,,,,,,,x,,,,,,,,,,,,,,,,,,,
1-361,Aubergine Orlando F1,,,,,,,,,,,,,,,,x,,,,,,,,,,,,,,,,,,,
1-245,Aubergine Riado F1,,,,,,,,,,,,,x,,,,,,,,,,,,,,,,,,,,,,
2-026,Aubergine Ronde de Valence Bio,,,,,,,,,,,x,,,,,,,,,,,,,,,,,,,,,,,,
2-027,Aubergine Rosa Bianca Bio,,,,,,,,,,,,,,,,,,,,,,,,,x,,,,,,x,,,,
2-178,Aubergine Tsakoniki Bio,,,,,,,,,,,,,,,,,,,,,,,,,,,,,,,,,,,
1-076,Aubergine Violette de Florence,,,,,,,,,x,,,,,,,,,,,,,,,,,,,,,,,,,,
1-428,Aubergine White Knight F1,,,,,,,,,,,,,,,,x,,,,,,,,,,,,,,,,,,,
1-003,Basilic à  feuille de laitue,,,,,,,,,,,,,,,,,,,,,,x,,,,,,,,,,x,,,
2-001,Basilic Cannelle Bio,,x,,,,,x,,,,,,,,,,,,,,,,,,,,,,,,x,,,,
2-002,Basilic Citron Bio,,,,,,,,,,,,,,,,,,,,,,,,,,,,,,,x,,,,
1-004,Basilic Fin vert,,,,,x,,,,,,,,,,x,,,,,,,x,,,,x,,,,,,,,,
2-004,Basilic Fin vert Bio,,,,,,,,,,,,,,,,,,,,,,x,,,,,,,,,x,,,,
2-003,Basilic Genovese Bio,,,,,,,,,,,,,,,,,,,,,,x,,,,x,,,,,x,,,,
1-005,Basilic Grand vert,,,,,,,,,,,,,,,x,,x,,,,,x,,,,,,,,,,,,,
2-005,Basilic Pourpre Bio,,x,,,,,,,,,,,,,,,,,,,,,,,x,,,,,,x,,,,
1-007,Basilic Thaï,,,,,,,,,,,,,,,,,,,,,,x,,,,x,,,,,,,,,
1-043,Betterave Blanche Albina Vereduna,,,,,,,,,,,,,,,,,,,,,,x,,,,x,,,,,,,,,
1-451,Betterave Blanche Avalanche F1,,,x,,,,,,,,,,,,,,,,,,,,,,,,,,,,,,,,
1-041,Betterave Bull's Blood,,,,,,,,,x,,,,,,,,x,,,,,x,,,,,,,,,,x,,,
1-044,Betterave Burpee's Golden,,,,,,,,,,,,,,,,,,,,,,x,,,,x,,,,,,,,,
1-046,Betterave Crapaudine,,,,,x,,,,,,,,,,x,,x,,,,,,,,,,,,,,,,,,
2-028,Betterave Crapaudine Bio,,,,,,,,,,,,,,,,,,,,,,,,,x,,,,,,,,,,
1-040,Betterave Cylindra,,,,,,,,,,,,,,,,,,,,,,x,,,,x,,,,,,x,,,
2-029,Betterave Détroit Améliorée 2 Bio,,,,,x,,,,,,,,,,,,,,,,,x,,,,x,,,,,x,,,,
2-214,Betterave Formanova Bio,,,,,,,,,,,,,,,,,,,,,,,,,,,,,,,x,,,,
0-501,Betterave Géante Blanche,,,,,,,,,,,,,,,,,x,,,,,,,,,,,,,,,,,,
1-045,Betterave Globe 2 Detroit,,,,,x,,,,,,,,,,x,,x,,,,,x,,,,x,,,,,,x,,,
1-097,Betterave Golden Eye,,,,,,,,,,,,,,,,,,,,,,,,,,,,,,x,,,,,
1-452,Betterave Jaune Boldor F1,,,x,,,,,,,,,,,,,,,,,,,,,,,,,,,,,,,,
0-502,Betterave Jaune d'Eckendorf,,,,,,,,,,,,,,,,,x,,,,,x,,,,,,,,,,,,,
0-503,Betterave Jaune de Vauriac,,,,,,,,,,,,,,,,,x,,,,,,,,,,,,,,,,,,
1-078,Betterave Monorubra,,,,,,,,,,,,,,,,,,,,,,x,,,,,,,,,,,,,
1-328,Betterave Nobol,,,,,x,,,,,,,,,,,,,,,,,,,,,,,,,,,,,,
1-048,Betterave Plate d'Egypte,,,,,x,,,,,,,,,,,,x,,,,,x,,,,x,,,,,,x,,,
2-030,Betterave Plate d'Egypte Bio,,,,,x,,x,,,,,,,,,,,,,,,x,,,x,,,,,,,,,,
1-386,Betterave Renova,,,,,,,,,,,,,,,,,,,,,,,,x,,,,,,,,,,,
2-285,Betterave Robuschka Bio,,,,,,,,,,,,,,,,,,,,,,,,,,,,,,,x,,,,
1-047,Betterave Ronde de Chioggia,,,,,,,,,,,,,,,,,,,,,,x,,,,x,,,,,,x,,,
0-504,Betterave Rouge d'Eckendorf,,,,,,,,,,,,,,,,,x,,,,,x,,,,,,,,,,,,,
4-027,Bleuet 'Blue Boy' Bio,,,,,,,,,,x,,,,,,,,,,,,,,,,,,,,,,,,,
1-008,Bourrache officinale,,,,,x,,,,,,,,,,x,,,,,,,x,,,,x,,,,,,,,,
4-026,"Capucine naine 'Tom Pouce', mélange varié Bio",,,,,,,,,,x,,,,,,,,,,,,,,,,x,,,,,,,,,
2-007,Cardon épineux de Plainpalais Bio,,,,,,,,,,,,,,,,,,,,,,,,,x,,,,,,x,,,,
2-221,Cardon géant de Romagne Bio,,,,,,,,,,,,,,,,,,,,,,,,,,,,,,,,,,,
1-050,Cardon plein blanc inerme,,,,,x,,,,,,,,,,,,x,,,,,x,,,,,,,,,,x,,,
1-327,Cardon rouge d'Alger,,,,,,,,,,,,,,,,,x,,,,,x,,,,,,,,,,,,,
2-258,Carotte Amsterdam 2 Bio,,,,,,,x,,,,,,,,,,,,,,,,,,,,,,,,x,,,,
1-315,Carotte Chantenay à  coeur rouge,,,,,,,,,,,,,,,,,x,,,,,x,,,,x,,,,,,x,,,
2-032,Carotte Colmar à  coeur rouge 2 Bio,,,,,x,,,,,,,,,,,,,,,,,x,,,,x,,,,,x,,,,
1-109,Carotte Cosmic Purple,,,,,,,,,,,,,,,,,,,,,,x,,,,,,,,,,,,,
2-265,Carotte de Carentan Bio,,,,,,,,,,,,,,,,,,,,,,,,,x,,,,,,,,,,
1-051,Carotte de Colmar à  coeur rouge,,,,,,,,,,,,,,,,,x,,,,,x,,,,,,,,,,,,,
2-251,Carotte de Luc Bio,,,,,,,,,,,,,,,,,,,,,,,,,x,,,,,,,,,,
2-270,Carotte de Tilques à  pétiole violet Bio,,,,,,,,,,,,,,,,,,,,,,,,,x,,,,,,,,,,
4-053,Carotte décorative Dara,,,,,,,,,,x,,,,,,,,,,,,,,,,,,,,,,,,,
1-248,Carotte Flyaway F1,,,,,,,,,,,,,,,,,,,,,,,,,,x,,,,,,,,,
2-213,Carotte Gniff Bio,,,,,,,,,,,,,,,,,,,,,,,,,,,,,,,x,,,,
1-052,Carotte jaune obtuse du Doubs,,,,,,,,,,,,,,,,,x,,,,,x,,,,,,,,,,,,,
2-215,Carotte Küttiger Bio,,,,,,,,,,,,,,,,,,,,,,,,,,,,,,,x,,,,
1-053,Carotte Longue Lisse de Meaux,,,,,x,,,,,,,,,,,,x,,,,,x,,,,,,,,,,,,,
1-055,Carotte Marché de Paris,,,,,,,,,,,,,,,,,x,,,,,x,,,,,,,,,,,,,
1-054,Carotte Nantaise améliorée,,,,,x,,,,,,,,,,,,x,,,,,x,,,,x,,,,,,,,,
2-031,Carotte Nantaise améliorée 2 Bio,,,,,,,,,,,,,,,,,,,,,,x,,,,x,,,,,x,,,,
1-426,Carotte Purple Elite F1,,,,,,,,,,,,,,,,x,,,,,,,,,,x,,,,,,,,,
1-268,Carotte Purple Sun F1,,,x,,,,,,,,,,,,,,,,,,,,,,,,,,,,,,,,x
2-239,Carotte Rothild Bio,,,,,,,,,,,,,,,,x,,,,,,,,,,,,,,,,,,,
2-033,Carotte Rouge Sang Bio,,,,,,,,,,,,,,,,,,,,,,,,,x,,,,,,,,,,
1-350,Carotte Short 'N Sweet,,,,,,,,,,,,,,,,x,,,,,,,,,,,,,,,,,,,
1-057,Carotte Touchon,,,,,,,,,,,,,,,,,x,,,,,x,,,,x,,,,,,,,,
1-424,Carotte Yellowbunch F1,,,,,,,,,,,,,,,,,,,,,,,,,,,,,,,,,,,
1-059,Céleri branche Plein Blanc Doré,,,,,,,,,,,,,,,,,x,,,,,x,,,,x,,,,,,,,,
1-062,Céleri branche Plein Blanc Pascal,,,,,,,,,,,,,,,,,x,,,,,x,,,,,,,,,,,,,
1-060,Céleri branche Vert d'Elne,,,,,,,,,,,,,,,,,x,,,,,,,,,x,,,,,,x,,,
1-111,Céleri-rave Asterix F1,,,,,,,,,,,,,,,,,,,,,,,,x,,,,,,,,,,,
2-287,Céleri-rave Diamant Bio,,,x,,,,,,,,,,,,,,,,,,,,,,,,,,,,,,,,
1-061,Céleri-rave Géant de Prague,,,,,,,,,,,,,,,,,,,,,,x,,,,x,,,,,,x,,,
1-063,Céleri-rave Monarch,,,,,x,,,,,,,,,,,,,,,,,,,,,x,,,,,,,,,
2-288,Céleri-rave Porthos Bio,,,,,,,,,,,,,,,,,,,,,,,,,,,,,,,x,,,,
4-002,Celosia 'Fan Dance Purple',,,,,,,,,,,,,,,,x,,,,,,,,,,,,,,,,,,,
4-004,Celosia 'King Coral',,,,,,,,,,,,,,,,x,,,,,,,,,,,,,,,,,,,
1-009,Cerfeuil,,,,,,,,,,,,,,,x,,x,,,,,x,,,,x,,,,,,,,,
2-006,Cerfeuil tubéreux Bio,,,,,,,,,,,,,,,,,,,,,,,,,,x,,,,,x,,,,
2-112,Cerise de terre Bio,,,,,,,,,,,,,,,,,,,,,,,,,x,,,,,,,,,,
2-244,Chicorée Catalogna Gigante de Chioggia Bio,,,,,,,,,,,,,,,,,,,,,,,,,,,,,,,x,,,,
1-411,Chicorée endive Festive F1,,,,,,,,,x,,,,,,,x,,,,,,,x,,,,,,,,,,,,
1-456,Chicorée endive Mona F1,,,,,,,,,,,,,,,,,,,,,,,x,,,,,,,,,,,,
1-064,Chicorée endive Witloof,,,,,,,,,,,,,,,,,x,,,,,,,,,,,,,,,,,,
1-065,Chicorée endive Zoom F1,,,,,,,,,,,,,,,,,,,,,,,,,,x,,,,,,,,,
2-034,Chicorée frisée de Meaux BIO,,,,,x,,,,,,,,,,,,,,,,,,,,x,,,,,,,,,,
1-066,Chicorée frisée Fine de Louviers,,,,,,,,,,,,,,,x,,,,,,,,,,,x,,,,,,,,,
1-067,Chicorée frisée Wallonne,,,,,,,x,,,,,,,,x,,,,,,,,,,,x,,,,,,,,,
2-217,Chicorée rouge de Trévise Bio,,,,,,,,,,,,,,,,,,,,,,,,,x,,,,,,x,,,,
1-069,Chicorée rouge de Vérone,,,,,,,,,,,,,,,,,,,,,,,,,,x,,,,,,x,,,
2-216,Chicorée rouge de Vérone Bio,,,,,,,,,,,,,,,,,,,,,,,,,x,,,,,,x,,,,
1-070,Chicorée sauvage Barbe de Capucin,,,,,,,,,,,,,,,,,x,,,,,,,,,x,,,,,,,,,
1-071,Chicorée sauvage Pain de Sucre,,,,,,,,,,,,,,,,,,,,,,x,,,,x,,,,,,x,,,
2-255,Chicorée sauvage Pain de Sucre Bio,,,,,,,,,,,,,,,,,,,,,,,,,,,,,,,x,,,,
2-035,Chicorée scarole Cornet d'Anjou Bio,,,,,,,,,,,,,,,,,,,,,,,,,x,,,,,,,,,,
1-073,Chicorée scarole Grosse Bouclée 2,,,,,x,,,,,,,,,,x,,,,,,,,,,,,,,,,,,,,
2-243,Chicorée Variegata di Castelfranco Bio,,,,,,,,,,,,,,,,,,,,,,,,,,,,,,,x,,,,
1-092,Chou brocoli Vert Calabrais,,,,,,,x,,,,,,,,,,,,,,,x,,,,,,,,,,,,,
2-039,Chou brocoli violet 'Early Purple Sprouting' Bio,,,,,,,,,,,,,,,,,,,,,,,,,,x,,,,,,,,,
2-252,Chou brocoli violet du Cap Bio,,,,,,,,,,,,,,,,,,,,,,,,,x,,,,,,,,,,
2-046,Chou brocoli-rave 60 jours - Cima di Rapa Bio,,,,,,,,,,,,,,,,,,,,,,,,,,,,,,,x,,,,
2-113,Chou cabus Cabton F1 Bio,,,x,,,,,,,,,,,,,,,,,,,,,,,,,,,,,,,,
1-074,Chou cabus de Brunswick,,,,,,,,,,,,,,,,,,,,,,x,,,,x,,,,,,x,,,
2-036,Chou cabus Filderkraut Bio,,,,,,,x,,,,,,,,,,,,,,,,,,,,,,,,,,,,
1-075,Chou cabus Marché de Copenhague,,,,,,,,,,,,,,,,,x,,,,,x,,,,x,,,,,,x,,,
2-067,Chou cabus Passat F1 Bio,,,x,,,,,,,,,,,,,,,,,,,,,,,,,,,,,,,,
1-088,Chou cabus Quintal d'Alsace,,,,,,,,,,,,,,,,,x,,,,,,,,,,,,x,,,,,,
2-040,Chou Chinois Granaat Bio,,,,,,,x,,,,,,,,,,,,,,,,,,,,,,,,,,,,
1-384,Chou Chinois Hilton,,,,,,,,,,,,,,,,,,,,,,x,,x,,,,,,,,,,,
1-130,Chou Chinois Mei Qing Choï F1,,,,,,,,,,,,,,,,,,,,,,,,,,,,,,x,,,,,
1-095,Chou Chinois Pak Choï,,,,,,,x,,,,,,,,,,x,,,,,x,,,,x,,,,,,x,,,
1-439,Chou Chinois Pak Choï 'Arax',,,,,,,,,,,,,,,,x,,,,,,,,,,,,,,,,,,,
1-390,Chou Chinois Paket,,,,,,,,,,,,,,,,,,,,,,,,x,,,,,,,,,,,
1-096,Chou Chinois Pe tsaï Michihili,,,,,,,,,,,,,,,,,x,,,,,,,,,x,,,,,,,,,
1-410,Chou Chinois Scarvita F1,,,,,,,,,x,,,,,,,,,,,,,,,,,,,,,,,,,,
2-107,Chou d'hiver Deadon F1 Bio,,,x,,,,,,,,,,,,,,,,,,,,,,,,,,,,,,,,
1-365,Chou de Bruxelles Dolores F1,,,,,,,,,,,,,,,,,,,,,,,,x,,,,,,,,,,,
1-372,Chou de Bruxelles Groninger,,,,,,,x,,,,,,,,,,,,,,,x,,,,,,,,,,,,,
1-366,Chou de Bruxelles Red,,,,,,,,,,,,,,,,,,,,,,x,,,,,,,,,,,,,
1-094,Chou de Bruxelles Sanda,,,,,x,,,,,,,,,,,,x,,,,,x,,,,,,,,,,,,,
1-081,Chou de Milan d'Aubervilliers,,,,,,,,,,,,,,,,,x,,,,,x,,,,,,,,,,x,,,
1-082,Chou de Milan de Pontoise,,,,,x,,,,,,,,,,,,x,,,,,,,,,,,,,,,,,,
1-083,Chou de Milan Gros des Vertus,,,,,x,,,,,,,,,,,,,,,,,x,,,,x,,,,,,,,,
2-068,Chou de Milan Gros des Vertus 2 Bio,,,,,,,,,,,,,,,,,,,,,,x,,,,,,,,,x,,,,
1-246,Chou de Milan Roi de l'Hiver 2,,,,,,,,,,,,,,,,,,,,,,,,,,x,,,,,,,,,
1-101,Chou fourrager Proteor (type Prover),,,,,x,,,,,,,,,,,,x,,,,,x,,,,x,,,,,,,,,
1-342,Chou kale Kadet,,,,,,,,,,,,,,,,,,,,,,,,x,,,,,,,,,,,
1-343,Chou kale Sympatic,,,,,,,,,,,,,,,,,,,,,,,,x,,,,,,,,,,,
2-056,Chou Kale Westlandse Winter Bio,,,,,,,x,,,,,,,,,,,,,,,,,,,,,,,,,,,,
2-279,Chou palmier Noir de Toscane Bio,,,,,,,x,,,,,,,,,,,,,,,,,,,,,,,,x,,,,
1-089,Chou pointu Bacalan de Rennes,,,,,,,,,,,,,,,,,x,,,,,,,,,,,,,,,,,,
2-037,Chou pointu Coeur de Boeuf Bio,,,,,x,,,,,,,,,,,,,,,,,,,,x,,,,,,,,,,
1-079,Chou pointu Express,,,,,x,,,,,,,,,,,,,,,,,x,,,,,,,,,,,,,
2-038,Chou pointu Précoce de Louviers Bio,,,,,,,,,,,,,,,,,,,,,,,,,x,,,,,,,,,,
1-084,Chou romanesco Natalino,,,,,,,,,,,,,,,,,,,,,,x,,,,x,,,,,,,,,
1-381,Chou rouge Haco,,,,,,,,,,,,,,,,,,,,,,x,,,,,,,,,,,,,
1-367,Chou rouge Kalibos,,,,,,,,,,,,,,,,,,,,,,x,,,,,,,,,,,,,
2-237,Chou rouge précoce de Langedijk Bio,,,,,,,,,,,,,,,,,,,,,,,,,x,,,,,,,,,,
1-345,Chou rouge Rufus,,,,,,,,,,,,,,,,,,,,,,,,x,,,,,,,,,,,
1-080,Chou rouge Tête Noire,,,,,x,,,,,,,,,,,,x,,,,,x,,,,,,,,,,x,,,
1-086,Chou-fleur Géant d'Automne 4,,,,,,,,,,,,,,,,,,,,,,x,,,,,,,,,,,,,
1-087,Chou-fleur Merveille de toutes saisons,,,,,,,,,,,,,,,,,x,,,,,x,,,,,,,,,,,,,
1-434,Chou-fleur Parmac F1,,,,,,,,,,,,,x,,,,,,,,,,,,,,,,,,,,,,
2-229,Chou-fleur Tardif d'Angers Bio,,,,,,,,,,,,,,,,,,,,,,,,,x,,,,,,,,,,
1-090,Chou-fleur Vert de Macerata,,,,,,,,,,,,,,,,,,,,,,x,,,,,,,,,x,,,,
2-266,Chou-fleur Violet de Sicile Bio,,,,,,,,,,,,,,,,,,,,,,,,,,,,,,,x,,,,
1-436,Chou-navet (rutabaga) Dalibor,,,,,,,,,,,,,,,,,,,,,,,,,,,,,,,,,,,
1-098,Chou-navet Champion à  collet rouge,,,,,,,,,,,,,,,,,x,,,,,,,,,x,,,,,,,,,
2-062,Chou-navet Helenor Bio,,,x,,,,,,,,,,,,,,,,,,,,,,,,,,,,,,,,x
1-099,Chou-rave Blanc de Vienne,,,,,,,,,,,,,,,,,x,,,,,x,,,,x,,,,,,x,,,
2-119,Chou-rave Blaril Bio,,,,,,,,,,,,,,,,,,,,,,,,,,,,,,,x,,,,
2-122,Chou-rave Blaro Bio,,,,,,,,,,,,,,,,,,,,,,,,,,,,,,,x,,,,
2-284,Chou-rave Dyna Bio,,,,,,,,,,,,,,,,,,,,,,,,,,,,,,,x,,,,
1-442,Chou-rave Quick Star F1,,,,,,,,,,,,,,,,,,,,,,,,,,,,,,x,,,,,
2-041,Chou-rave Superschmelz Bio,,,,,,,x,,,,,,,,,,,,,,,,,,,,,,,,,,,,
1-100,Chou-rave Violet de Vienne,,,,,,,,,,,,,,,,,,,,,,x,,,,x,,,,,,x,,,
4-045,Chrysanthème comestible Bio,,,,,,,,,,x,,,,,,,,,,,,,,,,,,,,,,,,,
1-010,Ciboule Blanche hâtive,,,,,x,,,,,,,,,,,,x,,,,,x,,,,x,,,,,,,,,
1-011,Ciboule Rouge,,,,,,,,,,,,,,,,,,,,,,x,,,,x,,,,,,,,,
2-290,Ciboulette Bio,,,,,,,x,,,,,,,,,,,,,,,x,,,,,,,,,x,,,,
1-012,Ciboulette très fine Danoise,,,,,x,,,,,,,,,,,,,,,,,x,,,,,,,,,,,,,
2-043,Concombre Blanc Hâtif Bio,,,,,,,,,,,,,,,,,,,,,,,,,x,,,,,,,,,,
2-042,Concombre cocktail Zehneria Scabra Bio,,,,,,,,,,,,,,,,,,,,,,,,,,,,,,,x,,,,
1-425,Concombre du Kenya (Kiwano),,,,,,,,,,,,,,,,,,,,,,x,,,,x,,,,,,,,,
2-045,Concombre Gele Tros Bio,,,,,,,x,,,,,,,,,,,,,,,,,,,,,,,,,,,,
1-250,Concombre La Diva F1,,,,,,,,,,,,,,,,,,,x,,,,,,,,,,,,,,,,x
1-102,Concombre Lemon,,,,,x,,,,,,,,,,,,,,,,,,,,,,,,,,,,,,
1-103,Concombre Marketer,,,,,x,,,,,,,,,,,,x,,,,,,,,,,,,,,,x,,,
2-044,Concombre Marketmore Bio,,,,,,,x,,,,,,,,,,,,,,,x,,,,,,,,,x,,,,
1-351,Concombre Nimrod F1,,,,,,,,,,,,,,,,x,,,,,,,,,,,,,,,,,,,
1-104,Concombre Raider F1,,,,,x,,,,,,,,,,,,,,,,,,,,,,,,,,,,,,
2-047,Concombre Rollinson's Télégraph Bio,,,,,,,x,,,,,,,,,,,,,,,,,,,,,,,,,,,,
2-048,Concombre Sonja Bio,,,,,,,,,,,,,,,,x,,,,,,,,,,,,,,,,,,,
1-105,Concombre Tanja,,,,,,,,,,,,,,,,x,,,,,,,,,,,,,,,,,,,
1-293,Concombre Tribute F1,,,,,,,,,,,,,,,,,,,,,,,,,,,x,,,,,,,,
1-106,Concombre Vert long de Chine,,,,,,,,,,,,,,,,,,,,,,x,,,,x,,,,,,,,,
1-107,Concombre Vert Long Maraà®cher,,,,,,,,,,,,,,,,,x,,,,,,,,,x,,,,,,,,,
4-024,Coquelicot des Moissons Bio,,,,,,,,,,,,,,,,,,,,,,,,,x,,,,,,,,,,
2-114,Coqueret du Pérou Bio,,,,,,,,,,,,,,,,,,,,,,,,,x,,,,,,,,,,
4-052,Coréopsis annuel Bio,,,,,,,,,,x,,,,,,,,,,,,,,,,,,,,,,,,,
1-013,Verte Petite D'Alger,,,,,,,,,,,,,,,,,x,,,,,,,,,x,,,,,,,,,
2-008,Coriandre Cultivée Bio,,,,,,,x,,,,,,,,,,,,,,,,,,,x,,,,,x,,,,
1-391,Cornichon Amélioré de Bourbonne,,,,,,,,,x,,,,,,,,,,,,,,,,,,,,,,,,,,
2-220,Cornichon Fin de Meaux Bio,,,,,,,,,,,,,,,,,,,,,,,,,x,,,,,,,,,,
2-049,Cornichon Hokus Bio,,,,,,,x,,,,,,,,,,,,,,,,,,,,,,,,,,,,
1-110,Cornichon vert petit de Paris,,,,,,,,,,,,,,,,,x,,,,,x,,,,,,,,,,,,,
4-009,Cosmos 'Double Click Cranberries',,,,,x,,,,,,,,,,,,,,,,,,,,,,,,,,,,,,
4-010,Cosmos 'Double Click Rose Bonbon',,,,,x,,,,,,,,,,,,,,,,,,,,,,,,,,,,,,
4-011,Cosmos 'Double Click Snow Puff',,,,,x,,,,,,,,,,,,,,,,,,,,,,,,,,,,,,
4-012,Cosmos 'Double Click' en mélange,,,,,x,,,,,,,,,,,,,,,,,,,,,,,,,,,,,,
4-028,"Cosmos 'Sensation', mélange varié Bio",,,,,,,,,,x,,,,,,,,,,,,,,,,,,,,,,,,,
4-015,Cosmos en mélange 'Feng Shui',,,,,x,,,,,,,,,,,,,,,,,,,,,,,,,,,,,,
1-260,Courge / Courgette Crookneck (Coutors),,,,,,,,,,,,,,,,,,,,,,x,,,,,,,,,,,,,x
2-248,Courge / Courgette Zapallito del Tronco Bio,,,,,,,x,,,,,,,,,,,,,,,,,,,,,,,,,,,,
2-050,Courge Blue Ballet bio,,,,,,,,,,,,,,,,,,,,,,,,,,,,,,,x,,,,
1-349,Courge Butterbush,,,,,,,,,,,,,,,,x,,,,,,,,,,,,,,,,,,,
2-052,Courge Buttercup bio,,x,,,,x,,,,,,,,,,,,,,,x,,,,,,,,,,x,,,,
2-054,Courge Butternut Bio,,,,,,,,,,,,,,,,,,,,,,x,,,,x,,,,,x,,,,
2-205,Courge Carat Bio,,,,,,,,,,,,,,,,,,,,,,,,,,,,,,,,,,,
1-256,Courge de Siam,,,,,,,,,,,,x,,,,,,x,,,,,,,,,,,,,,,,,x
2-055,Courge Delicata Bio,,,,,,,,,,,,,,,,,,,,,,,,,,,,,,,x,,,,
2-057,Courge Futsu Black Rinded bio,,,,,,,,,,,,,,,,,,,,,,,,,,,,,,,x,,,,
1-177,Courge Jack Be Little ,,,,,,,,,,,,,,,,,,,,,,x,,,,,,,,,,,,,
2-059,Courge Jack O'lantern bio,,,,,,,x,,,,,,,,,,,,,,,,,,,,,,,,x,,,,
2-060,Courge Lady Godiva bio,,x,,,,,,,,,x,x,,,,,,,,,,,,,,,,,,,,,,,
1-422,Courge longue de Nice ,,,,,,,,,,,,,,,x,,,,,,,,,,,,,,,,,,,,
2-061,Courge longue de Nice Bio,,,,,,,,,,,,,,,x,,,,,,,,,,,,,,,,x,,,,
1-093,Courge Makaronowa Warszawska,,,,,,,,,,,,,,,,,,,,,,x,,,,,,,,,,,,,
2-064,Courge Melonnette jaspée de Vendée bio,,,,,,,,,,,,,,,,,,,,,,,,,x,,,,,,,,,,
2-065,Courge Musquée de Provence Bio,,,,,x,,x,,,,,,,,x,,,,,,,x,,,,x,,,,,x,,,,
2-236,Courge Orangetti F1,,x,,,,,,,,,,,,,,x,,,,,,,,,,,,,,,,,,,
1-263,Courge Pink Banana Jumbo ,,,,,,,,,,,,x,,,,,,,,,,x,,,,x,,,,,,,,,
1-261,Courge Pleine de Naples,,,,,,,,,,,,x,,,,,,,,,,x,,,,,,,,,,x,,,x
2-069,Courge Pomme d'Or bio,,,,,,,,,,,,,,,,,,,,,,,,,x,,,,,,,,,,
1-253,Courge Shishigatani,,,,,,,,,,,,,,,,,,,,,,,,,,,,,,,,,,,x
1-374,Courge Small Wonder F1,,,,,,,,,,,,,,,,,,x,,,,,,,,,,,,,,,,,
2-070,Courge Spaghetti Bio,,,,,,x,,,x,,,,,,,,,,,,,,,,,,,,,,x,,,,
1-375,Courge Stripetti F1,,,,,,,,,,,,,,,,,,x,,,,,,,,,,,,,,,,,
2-071,Courge Sucrine du Berry Bio,,x,,,,x,,,,,x,,,,,,,,,,,,,,,,,,,,,,,,
2-072,Courge Sweet Dumpling (Patidou) Bio,,,,,,,x,,,,,,,,,x,,,,,,,,,,,,,,,x,,,,
2-274,Courge Tivano F1 Bio,,,,,,,,,,,,,,,,x,,,,,,,,,,,,,,,,,,,
1-254,Courge Tristar (Triamble),,,,,,,,,,,,x,,,,,,,,,,,,,,,,,,,,,,,x
2-075,Courge Tromba d'Albenga bio,,x,,,,,,,,,,x,,,,,,,,,,,,,,,,,,,,,,,
2-211,Courge Violina Bio,,,,,,,,,,,,,,,,,,,,,,,,,,,,,,,x,,,,
2-224,Courgette Amalthée F1 Bio,,,,,,,,,,,,,x,,,,,,,,,,,,,,,,,,,,,,
1-112,Courgette Ambassador F1,,,,,,,,,,,,,,,,,,,,,,,,,,x,,,,,,,,,
1-113,Courgette Atena Polka F1,,,,,,,,,,,,,,,,,,,,,,x,,,,x,,,,,,,,,
1-115,Courgette Black Beauty,,,,,,,,,,,,,,,,,x,,,,,x,,,,x,,,,,,x,,,
2-256,Courgette Black Beauty Bio,,,,,,,x,,,,,,,,,,,,,,,x,,,,x,,,,,x,,,,
1-407,Courgette Black Forest F1,,,,,,,,,,,,,,,,,,,,x,,,,,,x,,,,,,,,,
1-443,Courgette Blanche de Trieste,,,,,,,,,,,,,,,,,,,,,,x,,,,x,,,,,x,x,,,
1-430,Courgette Butterstick F1,,,,,,,,,,,,,,,,x,,,,,,,,,,,,,,,,,,,
2-077,Courgette Floridor F1 Bio,,,,,,,,,,,,,x,,,,,,,,,,,,,,,,,,,,,,
2-074,Courgette Genovese Bio,,,,,,,,,,,,,,,,,,,,,,x,,,,,,,,,x,,,,
2-226,Courgette Geode F1 Bio,,,,,,,,,,,,,x,,,,,,,,,,,,,,,,,,,,,,
1-116,Courgette Gold Rush F1,,,,,,,,,,,,,,,,,,,,,,,,,,x,,,,,,,,,
2-222,Courgette Lingodor (Eq. Parador) F1 Bio,,,,,,,,,,,,,x,,,,,,,,,,,,,,,,,,,,,,
1-369,Courgette Nimba,,,,,,,,,,,,,,,,,,,,,,x,,,,x,,,,,,,,,
2-076,Courgette Ortolana di Faenza Bio,,,,,,,,,,,,,,,,,,,,,,x,,,,,,,,,x,,,,
1-347,Courgette Pic-N-Pic F1,,,,,,,,,,,,,,,,x,,,,,,,,,,,,,,,,,,,
1-118,Courgette ronde de Nice,,,,,,,,,,,,,,,,,x,,,,,x,,,,,,,,,,,,,
2-078,Courgette ronde de Nice Bio,,,,,,,,,,,,,,,x,,,,,,,,,,,,,,,,,,,,
2-235,Courgette Satelite F1 Bio,,,,,,,,,,,,,x,,,,,,,,,,,,,,,,,,,,,,
1-406,Courgette Shooting Star F1,,,,,,,,,,,,,,,,,,,,x,,,,,,,,,,,,,,,
1-108,Courgette Striato d'Italia,,,,,,,,,,,,,,,,,,,,,,x,,,,,,,,,x,x,,,
1-068,Courgette Strike F1,,,,,,,,,,,,,x,,,,,,,,,,,,,,,,,,,,,,
1-348,Courgette Sure Thing F1,,,,,,,,,,,,,,,,x,,,,,,,,,,,,,,,,,,,
1-119,Courgette Verte non coureuse d'Italie,,,,,x,,,,,,,,,,,,,,,,,,,,,,,,,,,,,,
2-080,Courgette Verte non coureuse des Maraà®chers Bio,,x,,,,,,,,,,,,,,,,,,,,,,,x,,,,,,,,,,
1-120,Courgette Verte petite d'Alger,,,,,,,,,,,,,,,,,x,,,,,,,,,,,,,,,,,,
1-385,Courgette Wanda,,,,,,,,,,,,,,,,,,,,,,,,x,,,,,,,,,,,
1-049,Courgette White Lebanon,,,,,,,,,,,,,,,,,x,,,,,,,,,,,,,,,,,,
2-204,Courgette Zuboda Bio,,,,x,,,,,,,,,,,,,,,,,,,,,,,,,,,,,,,
2-058,Cresson Alénois Bio,,,,,,,,,,,,,,,,,,,,,,x,,,,,,,,,x,,,,
1-121,Echalion Zebrune,,,,,,,,,,,,,,,,,x,,,,,,,,,,,,,,,,,,
2-053,Echalion Zebrune Bio,,,,,,,,,,,,,,,,x,,,,,,,,,x,,,,,,,,,,
1-123,Epinard Géant d'hiver,,,,,x,,,,,,,,,,x,,,,,,,x,,,,x,,,,,,x,,,
2-081,Epinard Géant d'hiver Bio,,,,,,,x,,,,,,,,,,,,,,,x,,,,x,,,,,x,,,,
1-192,Epinard Helios F1,,,,,,,,,,,,,,,,,,,,,,,,,,,,,,x,,,,,
1-124,Epinard Lagos F1,,,,,x,,,,,,,,,,,,,,,,,,,,,,,,,,,,,,
1-122,Epinard Monstrueux de Viroflay,,,,,,,,,,,,,,,,,x,,,,,x,,,,x,,,,,,,,,
1-125,Epinard Viking Matador,,,,,,,,,,,,,,,,,x,,,,,x,,,,x,,,,,x,x,,,
2-066,Epinard Viking Matador Bio,,,,,,,,,,,,,,,,,,,,,,x,,,,,,,,,x,,,,
1-014,Estragon de Russie,,,,,,,,,,,,,,,,,,,,,,,,,,x,,,,,,,,,
1-077,Fenouil Belloto F1,,,,,x,,,,,,,,,,,,,,,,,,,,,,,,,,,,,,
2-286,Fenouil Selma Bio,,,,,,,,,,,,,,,,,,,,,,,,,,,,,,,x,,,,
2-206,Fenouil Victorio F1 Bio,,,x,,,,,,,,,,,,,,,,,,,,,,,,,,,,,,,,
1-127,Fenouil Bronze,,,,,,,,,,,,,,,,,,,,,,x,,,,x,,,,,,,,,
1-126,Fenouil Doux de Florence,,,,,x,,,,,,,,,,,,x,,,,,x,,,,,,,,,x,,,,
2-089,Fenouil Romanesco Bio,,,,,,,,,,,,,,,,,,,,,,x,,,,,,,,,x,,,,
3-006,Fève Aderba,,,,,,,,,,,,,,,,,,,,,,,,,,,,,x,,,,,,
3-001,Fève Aguadulce à  très longue cosse,,,,,,,,,,,,,,,,,x,,,,,,,,,,,,,,,,,,
2-910,Fève Aguadulce BIO,,,,,,,,,,,,,,,,,,,,,,x,,,,,,,,,x,,,,
2-916,Fève Eleonora BIO,,,,,,,,,,,,,,,,,,,,,,,,,,,,,,,,,,,
3-005,Fève extra précoce a grano violetto,,,,,,,,,,,,,,,,,,,,,,x,,,,,,,x,,,x,,,
3-007,Fève Irabal,,,,,,,,,,,,,,,,,,,,,,,,,,,,,x,,,,,,
3-003,Fève Karmazyn,,,,,,,,,,,,,,,,,,,,,,x,,,,,,,,,,,,,
3-004,Fève Muchamiel,,,,,,,,,,,,,,,,,,,,,,,,,,,,,x,,,,,,
2-915,Fève Ratio BIO,,,,,,,x,,,,,,,,,,,,,,,,,,,,,,,,,,,,
3-002,Fève Séville à  longue cosse,,,,,,,,,,,,,,,x,,,,,,,,,,,,,,x,,,,,,
0-555,"Gazon ""Regarnissage""",,,,,,,,x,,,,,,,,,,,,,,,,,,,,,,,,,,,
0-552,"Gazon ""Rustique""",,,,,,,,x,,,,,,,,,,,,,,,,,,,,,,,,,,,
0-553,"Gazon ""Spécial Sud""",,,,,,,,x,,,,,,,,,,,,,,,,,,,,,,,,,,,
0-551,"Gazon ""Standard""",,,,,,,,x,,,,,,,,,,,,,,,,,,,,,,,,,,,
0-554,"Gazon ""Zone ombragée""",,,,,,,,x,,,,,,,,,,,,,,,,,,,,,,,,,,,
2-082,Giraumon Turban Turc bio,,x,,,,,,,,,,x,,,,,,,,,,,,,,,,,,,x,,,,
3-400,Haricot à  écosser à  rames Alaric (Tarbais) - grimpant,,,,,,,,,,,,,,,,,,,,,,,,,,,,x,,,,,,,
2-914,Haricot à  écosser Borlotto Lingua di Fuoco Bio - nain,,,,,,,,,,,,,,,,,,,,,,x,,,,,,,,,x,,,,
2-911,Haricot à  écosser Cannellino Bio- nain,,,,,,,,,,,,,,,,,,,,,,,,,,,,,,,x,,,,
3-401,Haricot à  écosser Coco blanc à  rames - grimpant,x,,,,,,,,,,,,,,,,,,,,,,,,,x,,,,,,,,,
3-201,Haricot à  écosser Coco Blanc Précoce - nain,,,,,x,,,,,,,,,,,,x,,,,,,,,,x,,,,,,,,,
3-202,Haricot à  écosser Coco Cocagne (type Paimpol) - nain,,,,,x,,,,,,,,,,,,,,,,,,,,,,,,,,,,,,
3-206,Haricot à  écosser Coco Flambo - nain,,,,,x,,,,,,,,,,,,,,,,,,,,,,,,,,,,,,
3-204,Haricot à  écosser Flageolet Flajoly - nain,,,,,x,,,,,,,,,,,,,,,,,,,,,,,,,,,,,,
3-203,Haricot à  écosser Flageolet Verdelys (Eq. Chevrier vert) - nain,,,,,,,,,,,,,,,,,x,,,,,,,,,,,,,,,,,,
3-205,Haricot à  écosser Hidalgo (type Mogette) - nain,,,,,x,,,,,,,,,,,,,,,,,,,,,,,,,,,,,,
3-210,Haricot à  écosser Michelet Longue Cosse - nain,x,,,,,,,,,,,,,,,,x,,,,,,,,,,,,,,,,,,
3-211,Haricot à  écosser Pactol (type Paimpol) - nain,,,,,,,,,,,,,,,,,x,,,,,,,,,,,,,,,,,,
3-209,Haricot à  écosser Saint Esprit à  oeil rouge - nain,x,,,,,,,,,,,,,,,,,,,,,,,,,x,,,,,,,,,
2-906,Haricot à  écosser Saint Esprit à  oeil rouge Bio - nain,,,,,,,,,,,,,,,,,,,,,,,,,x,,,,,,,,,,
3-402,Haricot à  écosser Soissons gros à  rames - grimpant,x,,,,,,,,,,,,,,,,,,,,,,,,,,,,,,,,,,
3-301,Haricot à  rames Carminat - grimpant,,,,,x,,,,,,,,,,,,,,,,,,,,,,,,,,,,,,
1-437,Haricot à  rames Matilda - grimpant,,,,,,,,,,,,,,,,x,,,,,,,,,,,,,,,,,,,
3-302,Haricot à  rames Monte Cristo - grimpant,,,,,x,,,,,,,,,,,,,,,,,,,,,,,,,,,,,,
3-300,Haricot à  rames Monte Gusto - grimpant,,,,,x,,,,,,,,,,,,,,,,,,,,,,,,,,,,,,
2-901,Haricot à  rames Phénomène Bio - grimpant,,,,,,,,,,,,,,,,,,,,,,,,,x,,,,,,,,,,
2-233,Haricot à  rames Vespéral Bio - grimpant,,,,,,,,,,,,,x,,,,,,,,,,,,,,,,,,,,,,
2-903,Haricot Aiguillon Bio - nain,,,,,,,,,,,,,x,,,,,,,,,,,,,,,,,,,,,,
3-100,Haricot Amethyst - nain,,,,,x,,,,,,,,,,,,,,,,,,,,,,,,,,,,,,
3-101,Haricot Argus - nain,,,,,x,,,,,,,,,,,,,,,,,,,,,,,,,,,,,,
3-102,Haricot Braimar - nain,,,,,,,,,,,,,,,,,x,,,,,,,,,,,,,,,,,,
3-103,Haricot Castandel - nain,,,,,x,,,,,,,,,,,,,,,,,,,,,,,,,,,,,,
3-104,Haricot Contender - nain,x,,,,,,,,,,,,,,,,x,,,,,x,,,,x,,,,,,,,,
3-115,Haricot Crockett - nain,,,,,x,,,,,,,,,,,,,,,,,,,,,,,,,,,,,,
2-904,Haricot Cupidon Bio - nain,,,,,,,,,,,,,x,,,,,,,,,,,,,,,,,,,,,,
3-105,Haricot Delinel - nain,x,,,,,,,,,,,,,,,,,,,,,x,,,,x,,,,,,,,,
3-108,Haricot Dominal - nain,,,,,,,,,,,,,,,,,x,,,,,,,,,,,,,,,,,,
3-112,Haricot Fleuret - nain,,,,,x,,,,,,,,,,,,,,,,,,,,,,,,,,,,,,
3-117,Haricot Fructidor - nain,,,,,x,,,,,,,,,,,,,,,,,,,,,,,,,,,,,,
3-305,Haricot kilomètre 'Metro' - grimpant,,,,,,,,,,,,,,,,,,,,,,x,,,,x,,,,,,,,,
3-110,Haricot Luminal - nain,,,,,,,,,,,,,,,,,x,,,,,,,,,,,,,,,,,,
3-114,Haricot Majestik - nain,,,,,x,,,,,,,,,,,,,,,,,,,,,,,,,,,,,,
2-907,Haricot Maxi Bio (eq. Speedy) - nain,,,,,,,,,,,,,,,,x,,,,,,,,,,,,,,,,,,,
3-113,Haricot Mistik - nain,,,,,x,,,,,,,,,,,,,,,,,,,,,,,,,,,,,,
3-303,Haricot plat à  rames Or du Rhin - grimpant,,,,,,,,,,,,,,,,,,,,,,,,,,x,,,,,,,,,
2-917,Haricot Pongo Bio - nain,,,,,,,,,,,,,x,,,,,,,,,,,,,,,,,,,,,,
3-213,Haricot rouge à  écosser Augusta - nain,,,,,,,,,,,,,,,,,,,,,,x,,,,,,,,,,,,,
3-208,Haricot rouge à  écosser Canadian Wonder - nain,x,,,,,,,,,,,,,,,,,,,,,x,,,,,,,,,,,,,
3-212,Haricot rouge à  écosser Red Kidney - nain,x,,,,,,,,,,,,,,,,,,,,,x,,,,,,,,,,,,,
3-111,Haricot Sansoucy - nain,,,,,x,,,,,,,,,,,,,,,,,,,,,,,,,,,,,,
2-905,Haricot Slenderette Bio - nain,,,,,,,,,,,,,,,,,,,,,,x,,,,,,,,,x,,,,
2-920,Haricot Stentor Bio - nain,,,,,,,,,,,,,x,,,,,,,,,,,,,,,,,,,,,,
3-107,Haricot Talisman - nain,x,,,,x,,,,,,,,,,,,x,,,,,,,,,,,,,,,,,,
3-116,Haricot Triomphal - nain,,,,,,,,,,,,,,,,,x,,,,,,,,,,,,,,,,,,
4-007,Helianthus (tournesol) 'Ms. Mars',,,,,,,,,,,,,,,,x,,,,,,,,,,,,,,,,,,,
4-022,Helianthus (tournesol) 'Sunray Yellow' F1,,,,,,,,,,,,,,,,x,,,,,,,,,,,,,,,,,,,
4-025,Helianthus (tournesol) 'Sunspot' Bio,,,,,,,,,,,,,,,,,,,,,,,,,x,,,,,,,,,,
4-016,Helianthus (tournesol) en mélange 'Azteca',,,,,x,,,,,,,,,,,,,,,,,,,,,,,,,,,,,,
4-055,Helianthus (tournesol) Tiger Eye,,,,,,,,,,,,,,,,x,,,,,,,,,,,,,,,,,,,
2-238,Hysope Bio,,,,,,,x,,,,,,,,,,,,,,,,,,x,,,,,,,,,,
4-038,"Immortelle à  bractées, en mélange",,,,,,,,,,x,,,,,,,,,,,,,,,,,,,,,,,,,
4-008,Ipomée 'Party Dress',,,,,,,,,,,,,,,,x,,,,,,,,,,,,,,,,,,,
0-308,Laitue Adelys - Gr. enrobées,,,,,x,,,,,,,,,,,,,,,,,,,,,,,,,,,,,,
1-132,Laitue Blonde de Paris,,,,,,,,,,,,,,,,,x,,,,,x,,,,,,,,,,,,,
1-150,Laitue Brune d'hiver,,,,,,,,,,,,,,,x,,x,,,,,,,,,x,,,,,,x,,,
2-087,Laitue Cocarde Bio,,,,,,,,,,,,,,,,,,,,,,,,,,,,,,,x,,,,
1-133,Laitue Dorée de printemps,,,,,,,,,,,,,,,x,,x,,,,,x,,,,,,,,,,,,,
1-128,Laitue du Bon Jardinier,,,,,,,,,,,,,,,x,,x,,,,,,,,,,,,,,,,,,
0-353,Laitue Eluarde Bio (eq. Belgarde) - Gr. enrobées,,,,,,,,,,,,,x,,,,,,,,,,,,,,,,,,,,,,
1-145,Laitue feuille de chàªne blonde,,,,,,,,,,,,,,,,,x,,,,,x,,,,x,,,,,,,,,
1-134,Laitue Florine,,,,,x,,,,,,,,,,,,,,,,,,,,,,,,,,,,,,
0-309,Laitue Florinred - Gr. enrobées,,,,,x,,,,,,,,,,,,,,,,,,,,,,,,,,,,,,
2-160,Laitue Gloire de Nantes Bio,,,,,,,,,,,,,,,,,,,,,,,,,,,,,,,x,,,,
0-302,Laitue Gloire du Dauphiné - Gr. enrobées,,,,,,,,,,,,,x,,,,,,,,,,,,,,,,,,,,,,
0-356,Laitue Gotham Bio - Gr. enrobées,,,,,,,,,,,,,x,,,,,,,,,,,,,,,,,,,,,,
1-129,Laitue Gotte Jaune d'Or,,,,,,,,,,,,,,,,,x,,,,,,,,,x,,,,,,,,,
1-136,Laitue Iceberg Balmoral,,,,,x,,,,,,,,,,,,,,,,,x,,,,,,,,,,,,,
0-355,Laitue Joviale (eq. Rafale) Bio - Gr. enrobées,,,,,,,,,,,,,x,,,,,,,,,,,,,,,,,,,,,,
2-202,Laitue Kagraner Sommer Bio,,,,,,,,,,,,,,,,,,,,,,,,,,,,,,,x,,,,
2-269,Laitue La Brillante Bio,,,,,,x,,,,,,,,,,,,,,,,,,,,,,,,,,,,,
0-303,Laitue Malorie - Gr. enrobées,,,,,,,,,,,,,x,,,,,,,,,,,,,,,,,,,,,,
1-147,Laitue Merveille d'Hiver,,,,,,,,,,,,,,,x,,x,,,,,,,,,x,,,,,,,,,
1-131,Laitue Merveille des 4 saisons,,,,,,,,,,,,,,,,,x,,,,,x,,,,,,,,,,x,,,
2-084,Laitue Merveille des 4 saisons Bio,,,,,,,,,,,,,,,,,,,,,,x,,,,,,,,,x,,,,
0-354,Laitue Parinice Bio - Gr. enrobées,,,,,,,,,,,,,x,,,,,,,,,,,,,,,,,,,,,,
2-088,Laitue Pasquier Bio,,,,,,,,,,,,,,,,,,,,,,,,,x,,,,,,,,,,
1-146,Laitue Red Salad Bowl,,,,,x,,,,,,,,,,,,x,,,,,x,,,,x,,,,,,x,,,
2-091,Laitue Red Salad Bowl Bio,,,,,,,,,,,,,,,,,,,,,,x,,,,x,,,,,,,,,
2-085,Laitue Reine de Mai Bio,,,,,x,,,,,,,,,,,,,,,,,x,,,,x,,,,,x,,,,
1-137,Laitue Reine des Glaces,,,,,,,,,,,,,,,,,x,,,,,x,,,,,,,,,,,,,
0-305,Laitue Reine des Glaces - Gr. enrobées,,,,,,,,,,,,,x,,,,,,,,,,,,,,,,,,,,,,
1-142,Laitue Romaine Ballon,,,,,x,,,,,,,,,,,,,,,,,,,,,,,,,,,,,,
1-143,Laitue Romaine Blonde Maraà®chère,,,,,,,,,,,,,,,,,x,,,,,,,,,,,,,,,x,,,
1-249,Laitue Romaine Craquante d'Avignon,,,,,,,,,,,,,x,,,,,,,,,,,,,,,,,,,,,,
1-144,Laitue Romaine Verte Maraà®chère,,,,,,,,,,,,,,,,,,,,,,,,,,x,,,,,,x,,,
1-138,Laitue Rouge Grenobloise,,,,,,,,,,,,,,,x,,x,,,,,x,,,,x,,,,,,,,,
0-306,Laitue Rouge Grenobloise - Gr. enrobées,,,,,,,,,,,,,x,,,,,,,,,,,,,,,,,,,,,,
2-090,Laitue Rougette de Montpellier Bio,,x,,,,,,,,,x,,,,,,,,,,,,,,,,,,,,,,,,
2-086,Laitue Saint Antoine Bio,,,,,,,,,,,,,,,,,,,,,,,,,x,,,,,,,,,,
1-140,Laitue Sucrine,,,,,,,,,,,,,,,,,x,,,,,x,,,,,,,,,,,,,
2-083,Laitue Sucrine Bio,,,,,,,,,,,x,,,,,,,,,,,,,,,,,,,,,,,,
1-141,Laitue Têtue de Nîmes,,,,,,,,,,,,,,,,,x,,,,,x,,,,,,,,,,,,,
1-149,Laitue Val d'Orge,,,,,x,,,,,,,,,,x,,,,,,,,,,,,,,,,,,,,
0-352,Laitue Vilandry Bio - Gr. enrobées,,,,,,,,,,,,,x,,,,,,,,,,,,,,,,,,,,,,
1-016,Lavande Vraie (officinale),,,,,x,,,,,,,,,,x,,,,,,,,,,,,,,,,,,,,
4-051,Lavatère Loveliness Bio,,,,,,,,,,x,,,,,,,,,,,,,,,,,,,,,,,,,
3-900,Lentille Castellana,,,,,,,,,,,,,,,,,,,,,,,,,,,,,x,,,,,,
4-017,Lin 'Charmer Mixture',,,,,x,,,,,,,,,,,,,,,,,,,,,,,,,,,,,,
4-032,Lin à  grande fleur rouge,,,,,,,,,,x,,,,,,,,,,,,,,,,,,,,,,,,,
2-262,Lin Bleu Bio,,,,,,,,,,,,,,,,,,,,,,,,,,,,,,,x,,,,
4-018,Lupin 'Mini Gallery',,,,,x,,,,,,,,,,,,,,,,,,,,,,,,,,,,,,
2-092,Luzerne cultivée Bio,,x,,,,,x,,,,,,,,,,,,,,,,,,,,,,,,x,,,,
1-151,Mâche à  grosses graines,,,,,x,,,,,,,,,,,,x,,,,,,,,,,,,,,,,,,
1-152,Mâche Coquille de Louviers,,,,,x,,,,,,,,,,,,x,,,,,,,,,x,,,,,,,,,
2-275,Mâche d'Etampes Bio,,,,,,,,,,,,,,,,,,,,,,,,,,,,,,,x,,,,
1-153,Mâche Gala,,,,,x,,,,,,,,,,,,,,,,,,,,,,,,,,,,,,
1-154,Mâche Ronde Maraà®chère,,,,,,,,,,,,,,,,,x,,,,,,,,,,,,,,,,,,
1-155,Mâche verte de Cambrai,,,,,,,,,,,,,,,,,x,,,,,,,,,x,,,,,,,,,
2-093,Mâche Vit Bio,,,,,,,,,,,,,,,,x,,,,,,,,,,x,,,,,,,,,
1-156,Maïs à  éclater Pop Corn,,,,,,,,,,,,,,,,,,,,,,x,,,,x,,,,,,,,,
2-271,Maïs à  éclater Pop Corn noir Bio,,,,,,,,,,,,,,,,,,,,,,,,,,,,,,,x,,,,
1-157,Maïs doux Golden Bantam,,,,,,,,,,,,,,,,,x,,,,,x,,,,x,,,,,,,,,
2-095,Maïs doux Golden Bantam Bio,,,,,,,x,,,,,,,,,,,,,,,x,,,x,x,,,,,,,,,
2-257,Maïs doux Mezdi Bio,,,,,,,,,,,,,,,,,,,,,,,,,,,,,,,x,,,,
1-383,Maïs doux Minigold,,,,,,,,,,,,,,,,,,,,,,,,x,,,,,,,,,,,
4-033,Marguerite des prés 'Reine de Mai',,,,,,,,,,x,,,,,,,,,,,,,,,,x,,,,,,,,,
1-017,Marjolaine,,,,,,,,,,,,,,,,,,,,,,,,,,x,,,,,,,,,
4-044,Mauve des Bois Bio,,,,,,,,,,x,,,,,,,,,,,,,,,,,,,,,,,,,
4-050,Mauve musquée Bio,,,,,,,,,,x,,,,,,,,,,,,,,,,,,,,,,,,,
1-271,"Mélange ""Désherbage facile""",,,,,,,,x,,,,,,,,,,,,,,,,,,,,,,,,,,,
1-273,"Mélange ""Ecologique""",,,,,,,,x,,,,,,,,,,,,,,,,,,,,,,,,,,,
1-272,"Mélange ""Fertilité""",,,,,,,,x,,,,,,,,,,,,,,,,,,,,,,,,,,,
1-270,"Mélange ""Structure de sol""",,,,,,,,x,,,,,,,,,,,,,,,,,,,,,,,,,,,
2-273,Mélange de salades asiatiques Bio,,,,,,,,,,,,,,,,,,,,,,,,,,,,,,,x,,,,
1-018,Mélisse officinale,,,,,x,,,,,,,,,,,,,,,,,x,,,,,,,,,,,,,
2-020,Mélisse officinale Bio,,,,,,,,,,,,,,,,,,,,,,,,,,,,,,,x,,,,
1-294,Melon Alvaro F1,,,,,,,,,,,,,,,,,,,,,,,,,,,x,,,,,,,,
1-255,Melon Ananas d'Amérique,,,,,,,,,,,,,,,,,x,,,,x,x,,,,,,,,,,x,,,
1-412,Melon Asian Delight F1,,,,,,,,,,,,,,,,,,,,,,,,,,,x,,,,,,,,
2-097,Melon Boule d'Or Bio,,,,,,,,,,,,,,,,,,,,,,,,,x,,,,,,,,,,
1-257,Melon branco do Ribatejo,,,,,,,,,,,,,,,,,,,,,,,,,,,,,x,,,,,,
2-234,Melon Candilo F1 Bio,,,,,,,,,,,,,x,,,,,,,,,,,,,,,,,,,,,,
1-159,Melon Charentais,,,,,,,,,,,,,,,,,x,,,,,x,,,,x,,,,,,,,,
1-158,Melon de Cavaillon,,,,,,,,,,,,,,,,,,,,,,,,,,x,,,,,,,,,
1-262,Melon Edgar F1,,,,,x,,,,,,,,,,,,,,,,,,,,,,,,,,,,,,
1-243,Melon Gandalf F1,,,,,,,,,,,,,,,,x,,,,,,,,,,,,,,,,,,,
1-414,Melon Ginger F1,,,,,,,,,,,,,,,,,,,,,,,,,,,x,,,,,,,,
2-225,Melon Griselet F1 Bio,,,,,,,,,,,,,x,,,,,,,,,,,,,,,,,,,,,,
1-317,Melon Honey Bun F1,,,,,,,,,,,,,,,,x,,,,,,,,,,,,,,,,,,,
2-098,Melon Jaune Canari Bio,,x,,,,,,,,,,,,,x,,,,,,,,,,,,,,,,,,,,
1-371,Melon Model,,,,,,,,,,,,,,,,,,,,,,x,,,,,,,,,,,,,
2-094,Melon Ogen bio,,,,x,,,,,,,,,,,,,,,,,,,,,,,,,,,,,,,
2-100,Melon Petit Gris de Rennes Bio,,x,,,,,,,,,,,,,,,,,,,,,,,x,,,,,,x,,,,
1-135,Melon Piel de Sapo,,,,,,,,,,,,,,,,,,,,,,,,,,,,,x,,,,,,
1-058,Melon Rochet,,,,,,,,,,,,,,,,,,,,,,,,,,,,,x,,,,,,
1-160,Melon Seledyn F1,,,,,,,,,,,,,,,,,,,,,,x,,,,,,,,,,,,,
1-161,Melon Stellio F1,,,,,x,,,,,,,,,,,,,,,,,,,,,,,,,,,,,,
2-101,Melon Sucrin de Tours Bio,,,,,,,,,,,,,,,,,,,,,,,,,x,,,,,,,,,,
1-413,Melon SuperBall F1,,,,,,,,,,,,,,,,,,,,,,,,,,,x,,,,,,,,
1-415,Melon Tamari F1,,,,,,,,,,,,,,,,,,,,,,,,,,,x,,,,,,,,
2-102,Melon Vert Olive d'Hiver Bio,,,,,,,,,,,,,,,,,,,,,,,,,x,,,,,,x,,,,
2-103,Melon Vieille France Bio,,x,,,,,,,,,,x,,,,,,,,,,,,,,,,,,,,,,,
1-433,Melon Yoga F1,,,,,,,,,,,,,x,,,,,,,,,,,,,,,,,,,,,,
1-019,Menthe poivrée,,,,,,,,,,,,,,,x,,,,,,,x,,,,,,,,,,,,,
2-201,Mertensia maritima BIO - Plante à  huître BIO,,,,,,,,,,,,,,,,,,,,,,,,,x,,,,,,,,,,
2-259,Mizuna Bio,,,,,,,x,,,,,,,,,,,,,,,,,,,,,,,,x,,,,
4-034,Monnaie du pape,,,,,,,,,,x,,,,,,,,,,,,,,,,,,,,,,,,,
1-162,Moutarde Blanche,,,,,,,,,,,,,,,,,,,,,,,,,,x,,,,,,,,,
2-260,Moutarde de Chine Metis Bio,,,,,,,,,,,,,,,,,,,,,,,,,,,,,,,x,,,,
1-440,Moutarde Frizzy Joe,,,,,,,,,,,,,,,,x,,,,,,,,,,,,,,,,,,,
2-181,Moutarde Red Giant Bio,,,,,,,x,,,,,,,,,,,,,,,,,,,,,,,,x,,,,
1-405,Navet Alderton F1,,,,,x,,,,,,,,,,,,,,,,,,,,,,,,,,,,,,
2-105,Navet Blanc Plat Hâtif Bio,,,,,,,x,,,,,,,,,,,,,,,,,,,,,,,,,,,,
1-409,Navet Collie F1,,,,,,,,,x,,,,,,,,,,,,,,,,,,,,,,,,,,
1-164,Navet de Croissy,,,,,x,,,,,,,,,,,,x,,,,,,,,,,,,,,,,,,
1-163,Navet Globe à  collet violet,,,,,,,,,,,,,,,,,x,,,,,,,,,,,,,,,x,,,
2-079,Navet Globe à  collet violet Bio,,,,,,,,,,,,,,,,,,,,,,,,,,,,,,,x,,,,
2-106,Navet Goldana Bio,,,,,,,x,,,,,,,,,,,,,,,,,,,,,,,,,,,,
1-166,Navet Jaune Boule d'Or ,,,,,,,,,,,,,,,,,x,,,,,x,,,,,,,,,,,,,
1-167,Navet Long Blanc Marteau,,,,,x,,,,,,,,,,,,x,,,,,,,,,,,,,,,x,,,
1-165,Navet Milan à  forcer collet rose,,,,,x,,,,,,,,,,,,x,,,,,x,,,,x,,,,,,,,,
1-168,Navet Nancy à  feuille entière,,,,,,,,,,,,,,,,,x,,,,,,,,,x,,,,,,,,,
1-169,Navet Noir long,,,,,x,,,,x,,,,,,,,,,,,,,,,,,,,,,,,,,
2-096,Navet plat de Milan Bio,,,,,,,x,,,,,,,,,,,,,,,,,,,,,,,,x,,,,
1-039,Navet rave d'Auvergne hâtif,,,,,,,,,x,,,,,,,,x,,,,,,,,,,,,,,,,,,
1-421,Navet Royal Crown F1,,,,,,,,,,,,,,,,x,,,,,,,,,,,,,,x,,,,,
4-030,"Nigelle de Damas 'Miss Jekyll', mélange varié Bio",,,,,,,,,,x,,,,,,,,,,,,,,,,,,,,,,,,,
4-019,Oeillet mignardise 'Sweetness',,,,,x,,,,,,,,,,,,,,,,,,,,,,,,,,,,,,
2-171,Oignon blanc de Lisbonne (White Lisbon) Bio,,,,,,x,,,,,,,,,,,,,,,,x,,,,,,,,,,,,,
1-171,Oignon blanc de Paris,,,,,,,,,,,,,,,x,,,,,,,,,,,x,,,,,,,,,
1-172,Oignon blanc de Vaugirard,,,,,,,,,,,,,,,,,,,,,,,,,,x,,,,,,,,,
1-170,Oignon blanc hâtif de Barletta,,,,,,,,,,,,,,,,,,,,,,,,,,x,,,,,,,,,
1-431,Oignon Cénol (type jaune des Cévennes),,,,,,,,,,,,,x,,,,,,,,,,,,,,,,,,,,,,
1-444,Oignon colorada de Figueras,,,,,,,,,,,,,,,,,,,,,,,,,,,,,x,,,,,,
2-149,Oignon de Mazé Bio,,,,,,,,,,,,,,,,,,,,,,,,,x,,,,,,,,,,
1-173,Oignon géant Ailsa Craig,,,,,,,,,,,,,,,,,,,,,,x,,,,x,,,,,,,,,
2-245,Oignon jaune Density 5 (Rijnsburger) Bio,,,,,,,,,,,,,,,,,,,,,,,,,,,,,,,x,,,,
1-176,Oignon jaune doux de Lézignan,,,,,,,,,,,,,x,,,,,,,,,,,,,,,,,,,,,,
2-203,Oignon Musona Bio,,,,,,,,,,,,,,,,,,,,,,x,,,,,,,,,x,,,,
1-174,Oignon rouge de Brunswick,,,,,,,,,,,,,,,,,x,,,,,,,,,x,,,,,,,,,
2-099,Oignon Rouge de Genève Bio,,,,,,,,,,,,,,,,,,,,,,,,,,,,,,,x,,,,
1-175,Oignon rouge long de Florence,,,,,,,x,,,,,,x,,x,,,,,,,,,,,,,,,,,x,,,
2-210,Oignon rouge Tropea Bio,,,,,,,,,,,,,,,,,,,,,,,,,,,,,,,x,,,,
1-091,Oignon Valenciana tardif,,,,,,,,,,,,,,,,,,,,,,,,,,,,,x,,,,,,
2-208,Oignon-poireau Ishikura Long White Bio,,,,,,,x,,,,,,,,,,,,,,,,,,,,,,,,,,,,
1-148,Oignon-poireau Long White Koshigaya,,,,,,,,,,,,,,,,,,,,,,,,,,,,,,x,,,,,
2-009,Origan bio,,x,,,,,x,,,,,,,,,,,,,,,x,,,,x,,,,,x,,,,
1-020,Oseille Large de Belleville,,,,,,,,,,,,,,,x,,x,,,,,x,,,,,,,,,,,,,
1-251,Oseille rouge Red Stripe,,,,,,,,,,,,,,,,,,,,,,x,,,,,,,,,,,,,x
1-296,Panais Bielas,,,,,,,,,,,,,,,,,,,,,,,,,,,x,,,,,,,,
1-178,Panais Demi-long de Guernesey,,,,,,,,,,,,,,,,,x,,,,,,,,,,,,,,,,,,
2-230,Panais Demi-long de Guernesey Bio,,,,,,,,,,,,,,,,,,,,,,,,,,,,,,,,,,,
1-265,Panais Mitra,,,,,,,,,,,,,,,,x,,,,,,,,,,,,,,,,,,,x
2-108,Panais Tender and True Bio,,,,,,,x,,,,,,,,,,,,,,,x,,,,,,,,,,,,,
1-241,Panais White Gem,,,,,,,,,,,,,,,,,,,,,,,,,,x,,,,,,,,,
2-104,Pastèque Crimson Sweet Bio,,,,,,,,,,,,,,,,,,,,,,,,,,,,,,,x,,,,
1-326,Pastèque Janosik,,,,,,,,,,,,,,,,,,,,,,x,,,,,,,,,,,,,
2-109,Pastèque Lune Etoile Bio,,,,x,,,,,,,,,,,,,,,,,,,,,,,,,,,,,,,
1-258,Pastèque Mini Love F1,,,,,x,,,,,,,,,,,,,,,,,,,,,,,,,,,,,,
2-110,Pastèque Sugar Baby Bio,,x,,,,,x,,,,,,,,,,,,,,,,,,,,,,,,x,,,,
1-324,Pastèque Zloto Wolicy F1,,,,,,,,,,,,,,,,,,,,,,x,,,,,,,,,,,,,
2-111,Pâtisson blanc bio,,,,,,,,,,,,,,,,,,,,,,,,,,,,,,,x,,,,
1-318,Pâtisson Gagat,,,,,,,,,,,,,,,,,,,,,,x,,,,,,,,,,,,,
1-319,Pâtisson Jaune,,,,,,,,,,,,,,,,,,,,,,x,,,,,,,,,,,,,
1-320,Pâtisson Orange,,,,,,,,,,,,,,,,,,,,,,x,,,,,,,,,,,,,
1-269,Pâtisson Panaché,,,,,,,,,,,,,,,,,,,,,,,,,,,,,,,,,,,x
1-420,Pâtisson verruqueux Disco,,,,,,,,,,,,,,,,,,,,,,x,,,,,,,,,,,,,
4-029,Pavot de Californie Bio,,,,,,,,,,x,,,,,,,,,,,,,,,,,,,,,,,,,
1-368,Pepino,,,,,,,,,,,,,,,,,,,,,,x,,,,,,,,,,,,,
1-023,Persil à  grosse racine (ou persil tubéreux),,,,,,,,,,,,,,,,,x,,,,,,,,,,,,,,,,,,
2-010,Persil Commun 2 Bio,,,,,x,,x,,,,,,,,,,,,,,,x,,,,x,,,,,x,,,,
1-021,Persil Frisé Vert Foncé,,,,,,,,,,,,,,,,,x,,,,,,,,,x,,,,,,x,,,
2-011,Persil Frisé Vert Foncé Bio,,,,,x,,x,,,,,,,,,,,,,,,x,,,,,,,,,,,,,
1-022,Persil Géant d'Italie,,,,,,,,,,,,,,,x,,x,,,,,x,,,,x,,,,,,x,,,
2-012,Persil Géant d'Italie Bio,,x,,,x,,x,,,,,,,,,,,,,,,x,,,,x,,,,,x,,,,
2-013,Persil tubéreux bio,,,,,,,x,,,,,,,,,,,,,,,x,,,x,,,,,,,,,,
1-180,Phacélie - engrais vert,,,,,,,,,,,,,,,x,,,,,,,x,,,,x,,,,,,,,,
1-392,Piment Aji Delight,,,,,,,,,,,,,,,,,,,,x,,,,,,,,,,,,,,,
1-182,Piment Anaheim,,,,,,,,,,,,,,,,,,,,,,,,,,x,,,,,,,,,
2-116,Piment Antillais Bio,,,,,,,,,,,,,,,,,,,,,,,,,,,,,,,,,,,
2-282,Piment Boule de Turquie Bio,,,,,,,,,,,x,,,,,,,,,,,,,,,,,,,,,,,,
1-183,Piment de Cayenne,,,,,x,,,,,,,,,,,,x,,,,,,,,,x,,,,,,x,,,
2-228,Piment de Cayenne Bio,,,,,,,,,,,,,,,,,,,,,,x,,,x,,,,,,x,,,,
1-274,Piment de Padron,,,,,,,,,,,,,,,,,,,,,,,,,,,,,x,,,,,,
1-184,Piment Doux des Landes,,,,,,,,,,,,,,,,,x,,,,,,,,,,,,,,,,,,
2-136,Piment Gorria Bio,,,,,,,,,,,x,,,,,,,,,,,,,,,,,,,,,,,,
1-393,Piment Havana Gold,,,,,,,,,,,,,,,,,,,,x,,,,,,,,,,,,,,,
1-346,Piment Hot Lemon,,,,,,,,,,,,,,,,x,,,,,,,,,,,,,,,,,,,
1-395,Piment Hot Thaï,,,,,,,,,,,,,,,,,,,,x,,,,,,,,,,,,,,,
1-316,Piment Hungarian Black,,,,,,,,,,,,,,,,x,,,,,,,,,,,,,,,,,,,
1-370,Piment Hungarian Yellow Wax Hot,,,,,,,,,,,,,,,,,,,,,,x,,,,x,,,,,,,,,
1-185,Piment Jalapeno,,,,,,,,,,,,,,,,,,,,,,x,,,,x,,,,,,,,,
1-399,Piment Machu Pichu,,,,,,,,,,,,,,,,,,,,x,,,,,,,,,,,,,,,
1-396,Piment Midas,,,,,,,,,,,,,,,,,,,,x,,,,,,,,,,,,,,,
1-423,Piment Orange Pepperoncini,,,,,,,,,,,,,,,,x,,,,,,,,,,,,,,,,,,,
1-186,Piment Serrano,,,,,,,,,,,,,,,,,,,,,,x,,,,x,,,,,,,,,
1-394,Piment Spangles,,,,,,,,,,,,,,,,,,,,x,,,,,,,,,,,,,,,
2-291,Piment Sucette de Provence Bio,,x,,,,,,,,,,,,,,,,,,,,,,,,,,,,,,,,,
1-398,Piment Trinidad Perfume,,,,,,,,,,,,,,,,,,,,x,,,,,,,,,,,,,,,
1-397,Piment Zimbabwe Black,,,,,,,,,,,,,,,,,,,,x,,,,,,,,,,,,,,,
1-187,Pissenlit amélioré à  coeur plein,,,,,x,,,,,,,,,,,,,,,,,,,,,x,,,,,,,,,
1-387,Poireau Albos,,,,,,,,,,,,,,,,,,,,,,,,x,,,,,,,,,,,
1-188,Poireau Armor,,,,,x,,,,,,,,,,,,,,,,,,,,,,,,,,,,,,
1-189,Poireau Bleu de Solaise,,,,,,,,,,,,,,,,,x,,,,,x,,,,x,,,,,,,,,
2-227,Poireau Bleu de Solaise Bio,,,,,,,,,,,,,,,,,,,,,,,,,x,,,,,,,,,,
1-419,Poireau Chef's White,,,,,,,,,,,,,,,,x,,,,,,,,,,,,,,,,,,,
2-135,Poireau Géant d'Hiver 2 Bio,,,,,,,,,,,,,,,,,,,,,,,,,,x,,,,,x,x,,,
2-264,Poireau jaune gros du Poitou Bio,,,,,,,,,,,,,,,,,,,,,,,,,x,,,,,,,,,,
1-193,Poireau Monstrueux de Carentan,,,,,,,,,,,,,,,,,x,,,,,x,,,,,,,,,,x,,,
2-120,Poireau Monstrueux de Carentan 2 Bio,,,,,,,,,,,,,,,,,,,,,,x,,,,x,,,,,,,,,
1-389,Poireau October,,,,,,,,,,,,,,,,,,,,,,,,x,,,,,,,,,,,
1-388,Poireau Titus,,,,,,,,,,,,,,,,,,,,,,,,x,,,,,,,,,,,
1-194,Poirée Blonde à  carde blanche,,,,,x,,,,,,,,,,x,,x,,,,,,,,,,,,,,,,,,
2-242,Poirée Bright Yellow Bio,,,,,,,,,,,,,,,,,,,,,,,,,,,,,,,x,,,,
2-121,Poirée Five Colours Bio,,,,,,,x,,,,,,,,,,,,,,,,,,,,,,,,,,,,
1-380,Poirée Green Wave,,,,,,,,,,,,,,,,,,,,,,,,,,,x,,,,,,,,
1-195,Poirée Jaune,,,,,,,,,,,,,,,,,,,,,,x,,,,x,,,,,,,,,
1-196,Poirée Rouge Rhubarb Chard,,,,,,,,,,,,,,,,,x,,,,,x,,,,x,,,,,,x,,,
2-241,Poirée Rouge Rhubarb Chard Bio,,,,,,,,,,,,,,,,,,,,,,x,,,,,,,,,x,,,,
1-197,Poirée Verte à  carde blanche,,,,,x,,,,,,,,,,x,,x,,,,,,,,,,,,,,,x,,,
2-240,Poirée Verte à  carde blanche Bio,,,,,,,,,,,,,,,,,,,,,,,,,,,,,,,x,,,,
2-139,Poirée White Green Ribbed Bio,,,,,,,,,,,,,,,,,,,,,,,,,,,,,,,x,,,,
2-908,Pois à  rames Blauwschokker Bio ,,,,,,,,,,,,,,,,,,,,,,,,,,,,,,,x,,,,
3-600,Pois à  rames Express longue cosse,,,,,,,,,,,,,,,,,,,,,,,,,,,,,,,,,,,
3-601,Pois à  rames Serpette Guilloteaux,,,,,,,,,,,,,,,,,x,,,,,,,,,,,,,,,,,,
3-602,Pois à  rames Téléphone ,,,,,,,,,,,,,,,,,x,,,,,x,,,,,,,,,,,,,
2-919,Pois chiche bio,,,,,,,,,,,,,,,,,,,,,,,,,,,,,,,x,,,,
3-800,Pois chiche Lambada,,,,,,,,,,,,,,,,,,,,,,,,,,,,,,,,,,,
3-700,Pois croquant Delikett,,,,,,,,,,,,,,,,,,,,,,,,,,x,,,,,,,,,
3-703,Pois croquant Jessy,,,,,,,,,,,,,,,,,,,,,,,,x,,,,,,,,,,,
4-036,"Pois de senteur Spencer, en mélange ",,,,,,,,,,x,,,,,,,,,,,,,,,,,,,,,,,,,
3-701,Pois mangetout Carouby de Maussanne,,,,,,,,,,,,,,,,,,,,,,x,,,,,,,,,,,,,
2-918,Pois mangetout Carouby de Maussanne Bio,,,,,,,,,,,,,,,,,,,,,,,,,,,,,,,x,,,,
3-702,Pois mangetout Corne de Bélier,,,,,,,,,,,,,,,,,x,,,,,x,,,,,,,,,,,,,
3-704,Pois Mangetout Golden Sweet,,,,,,,,,,,,,,,,x,,,,,,,,,,,,,,,,,,,
2-909,Pois mangetout Norli Bio,,,,,,,,,,,,,,,,x,,,,,,,,,,,,,,,,,,,
3-506,Pois nain Ambassador,,,,,,,,,,,,,,,,,,,,,,,,x,,,,,,,,,x,,
3-500,Pois nain Cash,,,,,x,,,,,,,,,,,,,,,,,,,,,,,,,,,,,,
3-501,Pois nain Douce Provence,,,,,,,,,,,,,,,,,x,,,,,x,,,,,,,,,,,,,
3-507,Pois nain Eddy,,,,,,,,,,,,,,,,,,,,,,,,,,,,,,,,,x,,
3-508,Pois nain Exzellenz,,,,,,,,,,,,,,,,,,,,,,,,,,,,,,,,,x,,
3-502,Pois nain hâtif d'Annonay,,,,,,,,,,,,,,,,,x,,,,,,,,,,,,,,,,,,
3-503,Pois nain Merveille de Kelvédon,,,,,,,,,,,,,,,,,x,,,,,x,,,,,,,,,,,,,
3-504,Pois nain Petit Provenà§al,,,,,,,,,,,,,,,,,x,,,,,x,,,,,,,,,,x,,,
2-913,Pois nain Progress 9 Bio,,,,,,,,,,,,,,,,,,,,,,x,,,,,,,,,x,,,,
2-912,Pois nain Rondo Bio,,,,,,,,,,,,,,,,,,,,,,x,,,,,,,,,x,,,,
2-289,Poivron Cubo orange Bio,,,,,,,,,,,,,,,,,,,,,,,,,,,,,,,x,,,,
1-363,Poivron Balconi F1,,,,,x,,,,,,,,,,,,,,,,,,,,,,,,,,,,,,
1-358,Poivron Barbados F1,,,,,,,,,,,,,,,,x,,,,,,,,,,,,,,,,,,,
1-357,Poivron Brandy Red F1,,,,,,,,,,,,,,,,x,,,,,,,,,,,,,,,,,,,
1-340,Poivron Cardinal,,,,,,,,,,,,,,,,x,,,,,,,,,,,,,,,,,,,
2-051,Poivron Caviar Calabrais Bio,,,,,,,,,,,,,,,,,,,,,,,,,,,,,,,,,,,
2-132,Poivron Chocolat Doux Bio (Sweet Chocolate),,,,,,,,,,,,,,,,,,,,,,,,,x,,,,,,,,,,
1-417,Poivron Confetti F1,,,,,,,,,,,,,,,,x,,,,,,,,,,,,,,,,,,,
1-447,Poivron Conored F1,,,,,,,,,,,,,,,,x,,,,,,,,,,,,,,,,,,,
1-445,Poivron Conyl F1,,,,,,,,,,,,,,,,x,,,,,,,,,,,,,,,,,,,
2-123,Poivron Corno di toro jaune Bio,,x,,,,,,,,,,,,,,,,,,,,,,,,,,,,,x,,,,
2-124,Poivron Corno di toro rouge Bio,,x,,,,,,,,,,,,,,,,,,,,,,,,,,,,,x,,,,
1-446,Poivron Coronor F1,,,,,,,,,,,,,,,,x,,,,,,,,,,,,,,,,,,,
1-198,Poivron Doux d'Espagne,,,,,x,,,,,,,,,,,,x,,,,,,,,,,,,,,,,,,
1-337,Poivron Etiuda,,,,,,,,,,,,,,,,,,,,,,x,,,,,,,,,,,,,
1-455,Poivron Friariello Napoletano,,,,,,,,,,,,,,,,,,,,,,,,,,,,,,,x,,,,
1-333,Poivron Garnet F1,,,,,,,,,,,,,,,,,,,,,,,,,,,,,,,,,,,
1-331,Poivron Ingrid,,,,,,,,,,,,,,,,,,,,,,,,x,,,,,,,,,,,
1-356,Poivron Kobold F1,,,,,,,,,,,,,,,,x,,,,,,,,,,,,,,,,,,,
1-199,Poivron Lamuyo F1,,,,,x,,,,,,,,,,,,,,,,,,,,,,,,,,,,,,
1-354,Poivron Lemon Dream,,,,,,,,,,,,,,,,x,,,,,,,,,,,,,,,,,,,
2-125,Poivron Mandarine Bio,,,,,,,,,,,,,,,,,,,,,,,,,,,,,,,,,,,
1-339,Poivron Marta Polka,,,,,,,,,,,,,,,,,,,,,,x,,,,,,,,,,,,,
1-330,Poivron Monanta,,,,,,,,,,,,,,,,,,,,,,,,x,,,,,,,,,,,
1-297,Poivron Oda,,,,,,,,,,,,,,,,,,,,,,x,,,,,,,,,,,,,
1-332,Poivron Ontara,,,,,,,,,,,,,,,,,,,,,,,,x,,,,,,,,,,,
1-201,Poivron Orange Horizon,,,,,,,,,,,,,,,,,,,,,,,,,,x,,,,,,,,,
1-334,Poivron Ornela,,,,,,,,,,,,,,,,,,,,,,,,x,,,,,,,,,,,
1-441,Poivron Peleus,,,,,,,,,,,,,,,,,,,,,,,,,,,,,x,,,,,,
2-281,Poivron Petit Marseillais Bio,,,,,,,,,,,,,,,,,,,,,,,,,,,,,,,,,,,
1-275,Poivron Piquillo de Lodosa,,,,,,,,,,,,,,,,,,,,,,,,,,,,,x,,,,,,
1-205,Poivron Purple Bell,,,,,,,,,,,,,,,,,,,,,,,,,,x,,,,,,,,,
2-131,Poivron Quadrato d'Asti rouge Bio,,,,,,,,,,,,,,,,,,,,,,,,,,,,,,,x,,,,
1-338,Poivron Rewia,,,,,,,,,,,,,,,,,,,,,,x,,,,,,,,,,,,,
1-042,Poivron Roberta F1,,,,,,,,,,,,,,,,,,,,,,x,,,,,,,,,,,,,
1-329,Poivron Sakura,,,,,,,,,,,,,,,,,,,,,,,,x,,,,,,,,,,,
1-382,Poivron Samson F1,,,,,,,,,,,,,x,,,,,,,,,,,,,,,,,,,,,,
1-416,Poivron Stuff Enuff F1,,,,,,,,,,,,,,,,x,,,,,,,,,,,,,,,,,,,
1-203,Poivron Sweet Banana,,,,,,,,,,,,,,,,,,,,,,x,,,,x,,,,,,,,,
1-359,Poivron Takila F1,,,,,,,,,,,,,,,,x,,,,,,,,,,,,,,,,,,,
1-355,Poivron Tangerine Dream,,,,,,,,,,,,,,,,x,,,,,,,,,,,,,,,,,,,
2-118,Poivron Tequila Sunrise Bio,,,,,,,,,,,,,,,,,,,,,,,,,,,,,,,x,,,,
1-362,Poivron Terrazzi F1,,,,,x,,,,,,,,,,,,,,,,,,,,,,,,,,,,,,
2-138,Poivron Tomate Bio,,,,,,,,,,,,,,,,,,,,,,,,,,,,,,,x,,,,
1-336,Poivron Topgirl,,,,,,,,,,,,,,,,,,,,,,x,,,,,,,,,,,,,
1-204,Poivron Twingo F1,,,,,x,,,,,,,,,,,,,,,,,,,,,,,,,,,,,,
2-126,Poivron Yolo Wonder Bio,,x,,,,,,,,,x,,,,,,,,,,,,,,,,,,,,,,,,
1-335,Poivron Zorza,,,,,,,,,,,,,,,,,,,,,,x,,,,,,,,,,,,,
0-401,Porte-greffe Arnold F1,,,,,,,,,,,,,,x,,,,,,,,,,,,,,,,,,,,,
0-403,Porte-greffe Bowman (ex-Groundforce) F1,,,,,,,,,,,,,,,,,,,,,,,,,,,,,,x,,,,,
0-411,Porte-greffe Magnus F1,,,,,x,,,,,,,,,,,,,,,,,,,,,,,,,,,,,,
0-404,Porte-greffe Protector F1,,,,,x,,,,,,,,,,,,,,,,,,,,,,,,,,,,,,
0-406,Porte-greffe Routpower F1,,,,,,,,,,,,,,,,,,,,,,,,,,,,,,x,,,,,
0-408,Porte-greffe STT3 F1,,,,,,,,,,,,,,,,,,,,,,,,,,,,,,,,,,x,
0-405,Porte-greffe Superpro F1,,,,,,,,,,,,,,,,,,,,,,,,,,,,,,,,,,x,
0-407,Porte-greffe Ultron F1,,,,,x,,,,,,,,,,,,,,,,,,,,,,,,,,,,,,
2-246,Potimarron Fictor bio,,,,,,,x,,,,,,,,,,,,,,,,,,,,,,,,,,,,
2-280,Potimarron Orange Summer F1 Bio,,,,,,,,,,,,,,,,x,,,,,,,,,,,,,,,,,,,
2-129,Potimarron Red Kuri bio,,x,,,,x,,,x,,,,,,,,,,,,,x,,,x,,,,,,x,,,,
2-247,Potimarron Solor bio,,,,,,,x,,,,,,,,,,,,,,,,,,,,,,,,x,,,,
1-207,Potimarron Uchiki Kuri,,,,,x,,,,,,,,,,,,x,,,,,,,,,,,,,,,x,,,
1-206,Potiron Atlantic Giant,,,,,,,,,,,,,,,,,,,,,,x,,,,x,,,,,,,,,
1-377,Potiron Bambino,,,,,,,,,,,,,,,,,,,,,,x,,,,,,,,,,,,,
2-127,Potiron bleu de Hongrie bio,,,,,,,,,,,,,,,,,,,,,,,,,,,,,,,x,,,,
2-128,Potiron doux vert d'Hokkaido bio,,,,,,,x,,,,,,,,,,,,,,,,,,,,,,,,,,,,
2-073,Potiron Flat White Boer Bio,,,,,,,,,,,,,,,,,,x,,,,,,,,,,,,,x,,,,x
2-130,Potiron galeux d'Eysines bio,,,,,,,,,,,,,,,,,,,,,,,,,x,,,,,,,,,,
1-259,Potiron Jarradahle,,,,,,,,,,,,,,,,,,x,,,,,,,,,,,,,,,,,x
1-364,Potiron Karowita Bis,,,,,,,,,,,,,,,,,,,,,,x,,,,,,,,,,,,,
2-063,Potiron Marina di Chioggia bio,,,,,,,,,,,,,,,,,,,,,,,,,,,,,,,x,,,,
2-133,Potiron rouge vif d'Etampes bio,,,,,,,,,,,x,,,,x,,,,,,,x,,,x,,,,,,x,,,,
1-232,"Prairie fleurie ""Coccinelles & Auxiliaires""",,,,,,,,,,x,,,,,,,,,,,,,,,,,,,,,,,,,
2-277,"Prairie Fleurie ""Fleurs compagnes au Potager"" Bio",,,,,,,,,,x,,,,,,,,,,,,,,,,,,,,,,,,,
2-276,"Prairie Fleurie ""Fleurs en cuisine"" Bio",,,,,,,,,,x,,,,,,,,,,,,,,,,,,,,,,,,,
1-233,"Prairie fleurie ""Jardin de Curé""",,,,,,,,,,x,,,,,,,,,,,,,,,,,,,,,,,,,
2-278,"Prairie Fleurie ""Mélange Pollinisation"" Bio",,,,,,,,,,x,,,,,,,,,,,,,,,,,,,,,,,,,
1-234,"Prairie fleurie ""Miellée Annuelles et Vivaces""",,,,,,,,,,x,,,,,,,,,,,,,,,,,,,,,,,,,
1-235,"Prairie fleurie ""Miellée Vivace""",,,,,,,,,,x,,,,,,,,,,,,,,,,,,,,,,,,,
1-236,"Prairie fleurie ""Oiseaux""",,,,,,,,,,x,,,,,,,,,,,,,,,,,,,,,,,,,
1-240,"Prairie fleurie ""Papillons""",,,,,,,,,,x,,,,,,,,,,,,,,,,,,,,,,,,,
1-237,"Prairie fleurie ""Pied de mur""",,,,,,,,,,x,,,,,,,,,,,,,,,,,,,,,,,,,
1-238,"Prairie fleurie ""Zone Aride""",,,,,,,,,,x,,,,,,,,,,,,,,,,,,,,,,,,,
1-239,"Prairie fleurie ""Zone Ombrée""",,,,,,,,,,x,,,,,,,,,,,,,,,,,,,,,,,,,
1-432,Radis Angelus,,,,,,,,,,,,,x,,,,,,,,,,,,,,,,,,,,,,
1-267,Radis Bacchus F1,,,,,,,,,,,,,x,,,,,,,,,,,,,,,,,,,,,,
1-209,Radis Chandelle de Glace,,,,,,,,,,,,,,,,,,,,,,x,,,,x,,,,,,x,,,
1-210,Radis de 18 jours,,,,,,,,,,,,,,,,,x,,,,,x,,,,x,,,,,,,,,
2-134,Radis de 18 jours Bio,,,,,,,,,,,,,,,,,,,,,,x,,,,x,,,,,,,,,
1-211,Radis Flamboyant 3,,,,,,,,,,,,,,,,,x,,,,,,,,,,,,,,,x,,,
1-379,Radis Green Luobo,,,,,,,,,x,,,,,,,,,,x,,,,,,,,,,,,,,,,
1-215,Radis jaune Zlata,,,,,,,,,,,,,,,,,,,,,,x,,,,x,,,,,,,,,
1-408,Radis KN Bravo F1,,,,,,,,,x,,,,,,,,,,x,,,,,,,,,,,,,,,,
1-438,Radis Largo de Mallorca,,,,,,,,,,,,,,,,,,,,,,,,,,,,,x,,,,,,
2-267,Radis Minowase Daikon Bio,,,,,,,x,,,,,,,,,,,,,,,,,,,,,,,,x,,,,
1-216,Radis Noir gros rond d'hiver,,,,,,,,,,,,,,,,,x,,,,,,,,,x,,,,,,x,,,
1-217,Radis Noir long poids d'horloge,,,,,,,,,,,,,,,,,,,,,,x,,,,x,,,,,,,,,
1-208,Radis Pernot clair,,,,,,,,,,,,,,,,,x,,,,,,,,,x,,,,,,,,,
2-137,Radis Raxe Bio,,,,,,,,,,,,,,,,x,,,,,,,,,,,,,,,,,,,
1-378,Radis Red Meat,,,,,,,,,x,,,,,,,,,,,,,x,,,,,,,,,,,,,
2-253,Radis rond à  petit bout blanc Bio,,,,,,,,,,,,,,,,,,,,,,,,,,,,,,,x,,,,
1-212,Radis Rond Fakir,,,,,x,,,,,,,,,,,,,,,,,,,,,,,,,,,,,,
1-213,Radis Rond National,,,,,,,,,,,,,,,,,,,,,,x,,,,,,,,,,,,,
1-219,Radis Rose de Chine,,,,,x,,,,,,,,,,,,,,,,,x,,,,,,,,,,,,,
1-214,Radis Rose de Pâques,,,,,x,,,,,,,,,,,,,,,,,,,,,x,,,,,,,,,
2-254,Radis Saxa 2 Bio,,,,,,,,,,,,,,,,,,,,,,x,,,,x,,,,,x,,,,
1-218,Radis Violet de Gournay,,,,,,,,,,,,,,,,,x,,,,,x,,,,,,,,,,,,,
1-435,Radis violet Diana,,,,,,,,,,,,,,,,,,,,,,,,x,,,,,,,,,,,
4-049,"Reine-marguerite Matsumoto, en mélange",,,,,,,,,,x,,,,,,,,,,,,,,,,,,,,,,,,,
1-024,Roquette cultivée,,,,,,,,,,,,,,,x,,x,,,,,x,,,,x,,,,,,x,,,
2-014,Roquette cultivée Bio,,,,,x,,x,,,,,,,,,,,,,,,x,,,,x,,,,,x,x,,,
1-025,Roquette sauvage,,,,,,,,,,,,,,,,,,,,,,x,,,,x,,,,,,x,,,
2-232,Roquette sauvage Bio,,,,,,,x,,,,,,,,,,,,,,,x,,,,x,,,,,x,,,,
4-054,Rose trémière simple variée,,,,,,,,,,x,,,,,,,,,,,,,,,,,,,,,,,,,
4-043,Rubeckia pourpre ,,,,,,,,,,x,,,,,,,,,,,,,,,,,,,,,,,,,
1-220,Salsifis Blanc Mammouth,,,,,,,,,,,,,,,,,,,,,,x,,,,,,,,,,,,,
2-261,Sarrasin Bio,,,,,,,,,,,,,,,,,,,,,,,,,,,,,,,x,,,,
2-015,Sarriette Annuelle Bio,,,,,,,x,,,,,,,,,,,,,,,,,,,,,,,,,,,,
1-026,Sauge officinale ,,,,,x,,,,,,,,,,,,,,,,,x,,,,,,,,,,,,,
2-016,Sauge officinale Bio,,,,,,,x,,,,,,,,x,,,,,,,x,,,,x,,,,,x,,,,
1-221,Scorsonère Géante Noire de Russie,,,,,,,,,,,,,,,,,,,,,,x,,,,x,,,,,,,,,
4-041,Souci Corniche d'Or Bio,,,,,,,,,,x,,,,,,,,,,,,,,,,,,,,,,,,,
4-040,Souci double varié Bio,,,,,,,,,,x,,,,,,,,,,,,,,,,,,,,,,,,,
4-037,Souci Pink Surprise,,,,,,,,,,x,,,,,,,,,,,,,,,,,,,,,,,,,
4-048,Tabac d'ornement citron vert (Lime Green),,,,,,,,,,x,,,,,,,,,,,,,,,,,,,,,,,,,
4-021,Tagetes (oeillet d'Inde) 'Firebird',,,,,,,,,,,,,,,,x,,,,,,,,,,,,,,,,,,,
4-020,Tagetes (oeillet d'Inde) 'Goldiluxe',,,,,,,,,,,,,,,,x,,,,,,,,,,,,,,,,,,,
4-006,Tagetes (rose d'Inde) 'Kushi Mix',,,,,,,,,,,,,,,,x,,,,,,,,,,,,,,,,,,,
1-222,Tétragone cornue,,,,,,,,,,,,,,,,,,,,,,x,,,,x,,,,,,,,,
1-027,Thym d'hiver,,,,,x,,,,,,,,,,,,,,,,,x,,,,,,,,,,,,,
2-025,Thym d'hiver Bio,,,,,,,,,,,,,,,,,,,,,,x,,,,,,,,,x,,,,
1-028,Thym de Provence,,,,,,,,,,,,,,,,,,,,,,,,,,x,,,,,,,,,
2-140,Tomate Ananas Bio,,x,,,,,,,,,x,x,,,,,,,,,,,,,,,,,,,,,,,
2-141,Tomate Ananas Noire Bio,,x,,,,,,,,,,x,,,,,,,,,,,,,,,,,,,,,,,
2-142,Tomate Andine Cornue Bio,,,,,,,,,,,,,,,,,,,,,,,,,x,,,,,,,,,,
2-250,Tomate Apero F1 Bio,,,,,,,,,,,,,x,,,,,,,,,,,,,,,,,,,,,,
1-284,Tomate ARTISAN Blush Tiger,,,,,,,,,,,,,,,,,,,,,,,,,,,x,,,,,,,,
1-281,Tomate ARTISAN Golden Bumble Bee,,,,,,,,,,,,,,,,,,,,,,,,,,,x,,,,,,,,
1-282,Tomate ARTISAN Green Tiger,,,,,,,,,,,,,,,,,,,,,,,,,,,x,,,,,,,,
1-285,Tomate ARTISAN Lucky Tiger,,,,,,,,,,,,,,,,,,,,,,,,,,,x,,,,,,,,
1-279,Tomate ARTISAN Pink Bumble Bee,,,,,,,,,,,,,,,,,,,,,,,,,,,x,,,,,,,,
1-283,Tomate ARTISAN Pink Tiger,,,,,,,,,,,,,,,,,,,,,,,,,,,x,,,,,,,,
1-280,Tomate ARTISAN Purple Bumble Bee,,,,,,,,,,,,,,,,,,,,,,,,,,,x,,,,,,,,
1-299,Tomate Baby Boomer F1,,,,,,,,,,,,,,,,x,,,,,,,,,,,,,,,,,,,
2-143,Tomate Banana Leg Bio,,x,,,,,,,,,,x,,,,,,,,,,,,,,,,,,,,,,,
2-207,Tomate Bawole Serve Bio,,,,,,,,,,,,,,,,,,,,,,,,,,,,,,,,,,,
2-144,Tomate Beauté Blanche Bio,,x,,,,,,,,,x,x,,,,,,,,,,,,,,,,,,,,,,,
2-145,Tomate Beefsteak Bio,,,,,,x,,,,,x,x,,,,,,,,,,,,,,,,,,,,,,,
1-300,Tomate Big Daddy F1,,,,,,,,,,,,,,,,x,,,,,,,,,,,,,,,,,,,
1-301,Tomate Big Mama F1,,,,,,,,,,,,,,,,x,,,,,,,,,,,,,,,,,,,
1-310,Tomate Big Pink F1,,,,,,,,,,,,,,,,x,,,,,,,,,,,,,,,,,,,
2-146,Tomate Black Cherry Bio,,,,,,,,,,,,,,,,,,,,,,,,,,,,,,,x,,,,
1-321,Tomate Black from Tula,,,,,,,,,,,,,,,,,,,,,,x,,,,,,,,,,,,,
1-400,Tomate Black Opal,,,,,,,,,,,,,,,,,,,,x,,,,,,,,,,,,,,,
2-179,Tomate Black Zebra Bio,,,,,,,,,,,,,,,,,,,,,,,,,,,,,,,x,,,,
1-302,Tomate Bountiful F1,,,,,,,,,,,,,,,,x,,,,,,,,,,,,,,,,,,,
2-195,Tomate Brad's Black Heart Bio,,,,,,,,,,,,,,,,,,,,,,,,,,,,,,,,,,,
1-303,Tomate Brandy Boy F1,,,,,,,,,,,,,,,,x,,,,,,,,,,,,,,,,,,,
2-147,Tomate Brandywine Bio,,,,,,,,,,,,,,,,,,,,,,,,,,,,,,,x,,,,
1-344,Tomate Brutus,,,,,,,,,,,,,,,,,,,,,,,,x,,x,,,,,,,,,
2-148,Tomate Burbank Bio,,x,,,,,,,,,,,,,,,,,,,,,,,,,,,,,,,,,
1-304,Tomate BushSteak F1,,,,,,,,,,,,,,,,x,,,,,,,,,,,,,,,,,,,
1-223,Tomate Cerise,,,,,x,,,,,,,,,,,,x,,,,,x,,,,,,,,,,,,,
2-268,Tomate Cerise rouge Bio,,,,,,x,x,,,,,,,,,,,,,,,,,,,,,,,,,,,,
2-150,Tomate Cerisette Brin de Muguet Bio,,,,,,x,,,,,,x,,,,,,,,,,,,,,,,,,,,,,,
1-305,Tomate Cherokee Purple,,,,,,,,,,,,,,,,x,,,,,,,,,,,,,,,,,,,
1-353,Tomate Cherry Baby F1,,,,,,,,,,,,,,,,x,,,,,,,,,,,,,,,,,,,
1-314,Tomate Chocolate Cherry,,,,,,,,,,,,,,,,x,,,,,,,,,,,,,,,,,,,
2-151,Tomate Cocktail Clémentine Bio,,,,,,,x,,,,,,,,,,,,,,,,,,,,,,,,,,,,
1-224,Tomate Coeur de Boeuf,,,,,,,,,,,,,,,,,x,,,,,x,,,,x,,,,,,,,,
2-152,Tomate Coeur de Boeuf Bio,,,,,x,x,x,,,,,,,,,,,,,,,,,,x,,,,,,,,,,
2-196,Tomate Coeur de Boeuf Blanc Bio,,,,,,,,,,,,,,,,,,,,,,,,,,,,,,,,,,,
2-231,Tomate Costoluto Fiorentino Bio,,,,,,,,,,,,,,,,,,,,,,,,,,,,,,,x,,,,
2-153,Tomate de Berao Bio,,,,,,,,,,,,x,,,,,,,,,,,,,,,,,,,,,,,
1-306,Tomate Delicious,,,,,,,,,,,,,,,,x,,,,,,,,,,,,,,,,,,,
2-154,Tomate Evergreen Bio,,,,,,,,,,,,,,,,,,,,,,,,,,,,,,,x,,,,
1-322,Tomate Figiel,,,,,,,,,,,,,,,,,,,,,,x,,,,,,,,,,,,,
1-225,Tomate Galapagos,,,,,,,,,,,,,,,,,,,,,,,,,,x,,,,,,,,,
1-401,Tomate Garnet,,,,,,,,,,,,,,,,,,,,x,,,,,,,,,,,,,,,
1-307,Tomate Gigantomo F1,,,,,,,,,,,,,,,,x,,,,,,,,,,,,,,,,,,,
2-199,Tomate Glacier Bio,,,,x,,,,,,,,,,,,,,,,,,,,,,,,,,,x,,,,
2-209,Tomate Goldene Kà¶nigin Bio,,,,,,x,,,,,,,,,,,,,,,,,,,,,,,,,,,,,
1-308,Tomate Green Envy,,,,,,,,,,,,,,,,x,,,,,,,,,,,,,,,,,,,
2-155,Tomate Green Zebra Bio,,,,,,,x,,,,,,,,,,,,,,,,,,,,,,,,,,,,
2-200,Tomate Gregory Altaï Bio,,,,,,,,,,,x,,,,,,,,,,,,,,,,,,,,,,,,
1-373,Tomate Herodes,,,,,,,,,,,,,,,,,,,,,,,,,,,,,,,,,,,
1-352,Tomate Honey Delight F1,,,,,,,,,,,,,,,,x,,,,,,,,,,,,,,,,,,,
1-404,Tomate Honey Moon F1,,,,,x,,,,,,,,,,,,,,,,,,,,,,,,,,,,,,
1-429,Tomate Honeycomb F1,,,,,,,,,,,,,,,,x,,,,,,,,,,,,,,,,,,,
1-244,Tomate Hugo,,,,,,,,,,,,,,,,,,,,,,,,x,,,,,,,,,,,
1-286,Tomate INDIGO Apple,,,,,,,,,,,,,,,,,,,,,,,,,,,x,,,,,,,,
1-289,Tomate INDIGO Blue Beauty,,,,,,,,,,,,,,,,,,,,,,,,,,,x,,,,,,,,
1-287,Tomate INDIGO Blue Berries,,,,,,,,,,,,,,,,,,,,,,,,,,,x,,,,,,,,
1-291,Tomate INDIGO Cherry Drops,,,,,,,,,,,,,,,,,,,,,,,,,,,x,,,,,,,,
1-290,Tomate INDIGO Pear Drops,,,,,,,,,,,,,,,,,,,,,,x,,,,,x,,,,,,,,
1-288,Tomate INDIGO Rose,,,,,,,,,,,,,,,,,,,,,,,,,,,x,,,,,,,,
2-156,Tomate jaune Vincent Bio,,,,,,,,,,,,x,,,,,,,,,,,,,,,,,,,x,,,,
2-193,Tomate Joie de la Table Bio,,,,,,,,,,,x,,,,,,,,,,,,,,,,,,,,,,,,
1-311,Tomate Knockout (ex-Porterhouse) F1,,,,,,,,,,,,,,,,x,,,,,,,,,,,,,,,,,,,
2-157,Tomate La Carotina Bio,,x,,,,,,,,,x,x,,,,,,,,,,,,,,,,,,,,,,,
2-283,Tomate Liguria Bio,,,,,,,,,,,,,,,,,,,,,,,,,,,,,,,,,,,
1-323,Tomate Malinowy Ozarowski,,,,,,,,,,,,,,,,,,,,,,x,,,,,,,,,,,,,
1-226,Tomate Marmande VR,,,,,,,,,,,,,,,,,x,,,,,x,,,,x,,,,,,,,,
2-161,Tomate Marmande VR Bio,,,,,,,x,,,,,,,,,,,,,,,,,,,x,,,,,x,,,,
2-162,Tomate Merveille des Marchés Bio,,x,,,,,,,,,x,,,,,,,,,,,,,,,,,,,,,,,,
2-163,Tomate Miel du Mexique Bio,,x,,,,,,,,,x,,,,,,,,,,,,,,,,,,,,,,,,
2-164,Tomate Mirabelle blanche Bio,,,,,,,x,,,,,x,,,,,,,,,,,,,,,,,,,,,,,
2-165,Tomate Money Maker Bio,,,,,,,,,,,,,,,,,,,,,,,,,,,,,,,x,,,,
1-227,Tomate Montfavet 63/5 F1,,,,,x,,,,,,,,,,,,x,,,,,,,,,,,,,,,,,,
1-114,Tomate Montserrat,,,,,,,,,,,,,,,,,,,,,,,,,,,,,x,,,,,,
2-198,Tomate Moon Glow Bio,,,,,,,,,,,,,,,,,,,,,,,,,,,,,,,,,,,
2-166,Tomate Noire de Crimée Bio,,,,,,,,,,,x,,,,,,,,,,,,,,x,,,,,,,,,,
2-167,Tomate Noire Russe Charbonneuse Bio,,,,,,,,,,,,x,,,,,,,,,,,,,,,,,,,,,,,
2-158,Tomate Orange Banana Bio,,,,,,,,,,,,,,,,,,,,,,,,,,,,,,,,,,,
1-309,Tomate Orange Wellington F1,,,,,,,,,,,,,,,,x,,,,,,,,,,,,,,,,,,,
2-168,Tomate Osu Blue Bio,,,,,,,,,,,,,,,,,,,,,,,,,,,,,,,,,,,
2-194,Tomate Oxheart Striped Bio,,,,,,,,,,,,,,,,,,,,,,,,,,,,,,,,,,,
2-170,Tomate Pàªche jaune Bio,,x,,,,,,,,,,,,,,,,,,,,,,,,,,,,,,,,,
2-169,Tomate Pàªche rouge Bio,,,,,,,,,,,,x,,,,,,,,,,,,,,,,,,,,,,,
1-448,Tomate Pepe F1,,,,,,,,,,,,,,,,x,,,,,,,,,,,,,,,,,,,
2-184,Tomate Perle de Lait Bio,,,,,,,,,,,,,,,,,,,,,,,,,,,,,,,x,,,,
2-172,Tomate Petit Coeur de Boeuf Bio,,,,,,x,,,,,,x,,,,,,,,,,,,,,,,,,,,,,,
1-228,Tomate Pink Thai Egg,,,,,,,,,,,,,,,,,,,,,,,,,,x,,,,,,,,,
1-292,Tomate Poire Chocolat,,,,,,,,,,,,,,,,,,,,,,,,,,,x,,,,,,,,
2-173,Tomate Poire Jaune Bio,,,,,,,,,,,,,,,,,,,,,,,,,,x,,,,,,,,,
2-174,Tomate Poire Rouge Bio,,x,,,,,,,,,x,,,,,,,,,,,,,,,,,,,,,,,,
2-175,Tomate Potiron Ecarlate Bio,,,,,,,,,,,x,x,,,,,,,,,,,,,,,,,,,,,,,
2-176,Tomate Prune Noire Bio,,,,,,,,,,,,x,,,,,,,,,,,,,,,,,,,x,,,,
2-177,Tomate Purple Calabash Bio,,x,,,,,,,,,x,,,,,,,,,,,,,,,,,,,,,,,,
2-180,Tomate Reine des Hâtives Bio,,,,,,,,,,,,x,,,,,,,,,,,,,,,,,,,,,,,
1-229,Tomate Roma VF,,,,,x,,,,,,,,,,,,x,,,,,x,,,,x,,,,,,x,,,
2-182,Tomate Rose de Berne Bio,,,,,,x,,,,,x,,,,,,,,,,,,,,x,,,,,,,,,,
1-402,Tomate Rosella,,,,,,,,,,,,,,,,,,,,x,,,,,,,,,,,,,,,
1-453,Tomate Rubylicious,,,,,,,,,,,,,,,,x,,,,,,,,,,,,,,,,,,,
2-183,Tomate Russe Rouge Bio,,x,,,,,,,,,x,,,,,,,,,,,,,,,,,,,,,,,,
1-230,Tomate Saint Pierre,,,,,,,,,,,,,,,,,,,,,,x,,,,,,,,,,,,,
2-185,Tomate Saint Pierre Bio,,,,,x,,,,,,,,,,,,,,,,,,,,,x,,,,,,,,,
2-159,Tomate Sainte Lucie Bio,,,,,,x,,,,,,,,,,,,,,,,,,,,,,,,,,,,,
2-186,Tomate San Marzano 2 Bio,,,,,,,,,,,,x,,,,,,,,,,,,,,,,,,,x,,,,
1-418,Tomate Shimmer F1,,,,,,,,,,,,,,,,x,,,,,,,,,,,,,,,,,,,
1-450,Tomate Stargold F1,,,,,,,,,,,,,,,,x,,,,,,,,,,,,,,,,,,,
1-449,Tomate Sungold F1,,,,,,,,,,,,,,,,x,,,,,,,,,,,,,,,,,,,
1-403,Tomate Sweet Aperitif,,,,,,,,,,,,,,,,,,,,x,,,,,,,,,,,,,,,
2-187,Tomate Sweet Baby Bio,,,,,x,,,,,,,,,,,,,,,,,,,,,,,,,,,,,,
2-188,Tomate Tàªton de Vénus jaune Bio,,x,,,,,,,,,,,,,,,,,,,,,,,,,,,,,,,,,
2-189,Tomate Tigerella Bio,,,,,,,x,,,,,,,,,,,,,,,,,,,,,,,,,,,,
1-231,Tomate Tiny Tim,,,,,,,,,,,,,,,,,,,,,,x,,,,x,,,,,,,,,
1-312,Tomate Tomande F1,,,,,,,,,,,,,,,,x,,,,,,,,,,,,,,,,,,,
2-197,Tomate Verna Bio,,,,,,,,,,,,,,,,,,,,,,,,,,,,,,,,,,,
2-190,Tomate Voyage Bio,,,,,,,,,,,,x,,,,,,,,,,,,,,,,,,,x,,,,
1-313,Tomate White Cherry,,,,,,,,,,,,,,,,x,,,,,,,,,,,,,,,,,,,
2-191,Tomate Yellow Giant Belgium Bio,,,,,,,,,,,,,,,,,,,,,,,,,,,,,,,,,,,
2-192,Tomate Zuckertraube Bio,,,,,,,x,,,,,,,,,,,,,,,,,,,,,,,,,,,,
2-115,Tomatillo pourpre Bio,,,,,,,,,,,,,,,,,,,,,,,,,x,,,,,,,,,,
2-272,Trèfle incarnat Bio,,,,,,,,,,,,,,,,,,,,,,,,,,,,,,,x,,,,
4-023,Verbascum (molène) 'Snowy Spires',,,,,,,,,,,,,,,,x,,,,,,,,,,,,,,,,,,,
2-263,Vesce d'hiver Bio,,,,,,,,,,,,,,,,,,,,,,,,,,,,,,,x,,,,
4-039,Vipérine Bio,,,,,,,,,,x,,,,,,,,,,,,,,,,,,,,,,,,,
4-005,Zinnia 'Andes Jewel',,,,,,,,,,,,,,,,x,,,,,,,,,,,,,,,,,,,
4-003,Zinnia 'Forecast Mix',,,,,,,,,,,,,,,,x,,,,,,,,,,,,,,,,,,,
4-001,Zinnia 'Pinwheel Mix',,,,,,,,,,,,,,,,x,,,,,,,,,,,,,,,,,,,
4-014,Zinnia 'Pop Art Blanc et Rouge',,,,,x,,,,,,,,,,,,,,,,,,,,,,,,,,,,,,
4-013,Zinnia 'Pop Art Rouge et Or',,,,,x,,,,,,,,,,,,,,,,,,,,,,,,,,,,,,
4-035,"Oeillet de poète, mélange Etournelle",,,,,,,,,,x,,,,,,,,,,,,,,,,,,,,,,,,,